[95.39170506912443, 95.39170506912443, 95.85253456221199, 98.61751152073732, 99.07834101382488, 99.07834101382488, 99.07834101382488, 99.53917050691244, 99.53917050691244, 99.53917050691244, 99.53917050691244, 100.0, 100.0, 100.0, 100.0, 100.0, 100.0, 100.0, 100.0, 100.0, 100.0, 100.0, 100.0, 100.0, 100.0, 100.0, 100.0, 100.0, 100.0, 100.0, 100.0, 100.0, 100.0, 100.0, 100.0, 100.0, 100.0, 100.0, 100.0, 100.0, 100.0, 100.0, 100.0, 100.0, 100.0, 100.0, 100.0, 100.0, 100.0, 100.0, 100.0, 100.0, 100.0, 100.0, 100.0, 100.0, 100.0, 100.0, 100.0, 100.0, 100.0, 100.0, 100.0, 100.0, 100.0, 100.0, 100.0, 100.0, 100.0, 100.0, 100.0, 100.0, 100.0, 100.0, 100.0, 100.0, 100.0, 100.0, 100.0, 100.0, 100.0, 100.0, 100.0, 100.0, 100.0, 100.0, 100.0, 100.0, 100.0, 100.0, 100.0, 100.0, 100.0, 100.0, 100.0, 100.0, 100.0, 100.0, 100.0, 100.0]
[[167, 23, 170, 26, 138, 202, 71, 129, 0, 46, 69, 127, 137, 78, 127, 136, 99, 162, 206, 1, 101, 131, 121, 101, 167, 134, 205, 28, 36, 176, 196, 69, 186, 121, 167, 190, 89, 61, 134, 69, 59, 170, 67, 183, 103, 26, 70, 149, 36, 46], 217]
[95.85253456221199, 95.85253456221199, 96.7741935483871, 97.6958525345622, 97.6958525345622, 97.6958525345622, 99.07834101382488, 99.07834101382488, 99.07834101382488, 99.07834101382488, 99.07834101382488, 99.07834101382488, 99.07834101382488, 100.0, 100.0, 100.0, 100.0, 100.0, 100.0, 100.0, 100.0, 100.0, 100.0, 100.0, 100.0, 100.0, 100.0, 100.0, 100.0, 100.0, 100.0, 100.0, 100.0, 100.0, 100.0, 100.0, 100.0, 100.0, 100.0, 100.0, 100.0, 100.0, 100.0, 100.0, 100.0, 100.0, 100.0, 100.0, 100.0, 100.0, 100.0, 100.0, 100.0, 100.0, 100.0, 100.0, 100.0, 100.0, 100.0, 100.0, 100.0, 100.0, 100.0, 100.0, 100.0, 100.0, 100.0, 100.0, 100.0, 100.0, 100.0, 100.0, 100.0, 100.0, 100.0, 100.0, 100.0, 100.0, 100.0, 100.0, 100.0, 100.0, 100.0, 100.0, 100.0, 100.0, 100.0, 100.0, 100.0, 100.0, 100.0, 100.0, 100.0, 100.0, 100.0, 100.0, 100.0, 100.0, 100.0, 100.0]
[[50, 14, 8, 98, 62, 112, 167, 179, 97, 183, 84, 108, 90, 173, 105, 190, 70, 83, 199, 144, 176, 178, 170, 148, 78, 203, 196, 52, 24, 157, 69, 112, 129, 105, 189, 129, 74, 24, 148, 51, 54, 142, 120, 128, 170, 83, 131, 117, 51, 210], 217]
[95.39170506912443, 95.39170506912443, 97.6958525345622, 97.6958525345622, 97.6958525345622, 97.6958525345622, 97.6958525345622, 99.53917050691244, 99.53917050691244, 99.53917050691244, 99.53917050691244, 99.53917050691244, 99.53917050691244, 99.53917050691244, 99.53917050691244, 99.53917050691244, 99.53917050691244, 99.53917050691244, 99.53917050691244, 99.53917050691244, 99.53917050691244, 99.53917050691244, 100.0, 100.0, 100.0, 100.0, 100.0, 100.0, 100.0, 100.0, 100.0, 100.0, 100.0, 100.0, 100.0, 100.0, 100.0, 100.0, 100.0, 100.0, 100.0, 100.0, 100.0, 100.0, 100.0, 100.0, 100.0, 100.0, 100.0, 100.0, 100.0, 100.0, 100.0, 100.0, 100.0, 100.0, 100.0, 100.0, 100.0, 100.0, 100.0, 100.0, 100.0, 100.0, 100.0, 100.0, 100.0, 100.0, 100.0, 100.0, 100.0, 100.0, 100.0, 100.0, 100.0, 100.0, 100.0, 100.0, 100.0, 100.0, 100.0, 100.0, 100.0, 100.0, 100.0, 100.0, 100.0, 100.0, 100.0, 100.0, 100.0, 100.0, 100.0, 100.0, 100.0, 100.0, 100.0, 100.0, 100.0, 100.0]
[[15, 204, 183, 190, 109, 28, 211, 11, 120, 117, 64, 103, 105, 69, 115, 83, 19, 24, 84, 68, 57, 112, 112, 86, 11, 161, 28, 118, 24, 78, 91, 191, 180, 73, 90, 158, 202, 119, 101, 55, 144, 115, 172, 55, 125, 117, 142, 196, 38, 183], 217]
[97.6958525345622, 97.6958525345622, 98.15668202764977, 98.15668202764977, 98.15668202764977, 98.15668202764977, 98.15668202764977, 99.07834101382488, 99.07834101382488, 99.07834101382488, 99.07834101382488, 99.07834101382488, 99.07834101382488, 99.07834101382488, 99.07834101382488, 99.07834101382488, 99.07834101382488, 99.07834101382488, 99.07834101382488, 99.07834101382488, 99.07834101382488, 99.53917050691244, 99.53917050691244, 99.53917050691244, 99.53917050691244, 99.53917050691244, 100.0, 100.0, 100.0, 100.0, 100.0, 100.0, 100.0, 100.0, 100.0, 100.0, 100.0, 100.0, 100.0, 100.0, 100.0, 100.0, 100.0, 100.0, 100.0, 100.0, 100.0, 100.0, 100.0, 100.0, 100.0, 100.0, 100.0, 100.0, 100.0, 100.0, 100.0, 100.0, 100.0, 100.0, 100.0, 100.0, 100.0, 100.0, 100.0, 100.0, 100.0, 100.0, 100.0, 100.0, 100.0, 100.0, 100.0, 100.0, 100.0, 100.0, 100.0, 100.0, 100.0, 100.0, 100.0, 100.0, 100.0, 100.0, 100.0, 100.0, 100.0, 100.0, 100.0, 100.0, 100.0, 100.0, 100.0, 100.0, 100.0, 100.0, 100.0, 100.0, 100.0, 100.0]
[[5, 134, 125, 190, 114, 24, 200, 162, 3, 16, 83, 193, 40, 187, 111, 119, 122, 5, 208, 114, 202, 104, 117, 86, 26, 136, 193, 156, 144, 213, 135, 196, 213, 208, 24, 28, 210, 119, 174, 206, 157, 26, 98, 187, 193, 85, 16, 129, 174, 119], 217]
[96.31336405529954, 96.31336405529954, 96.31336405529954, 98.15668202764977, 98.61751152073732, 98.61751152073732, 98.61751152073732, 98.61751152073732, 98.61751152073732, 99.53917050691244, 99.53917050691244, 99.53917050691244, 100.0, 100.0, 100.0, 100.0, 100.0, 100.0, 100.0, 100.0, 100.0, 100.0, 100.0, 100.0, 100.0, 100.0, 100.0, 100.0, 100.0, 100.0, 100.0, 100.0, 100.0, 100.0, 100.0, 100.0, 100.0, 100.0, 100.0, 100.0, 100.0, 100.0, 100.0, 100.0, 100.0, 100.0, 100.0, 100.0, 100.0, 100.0, 100.0, 100.0, 100.0, 100.0, 100.0, 100.0, 100.0, 100.0, 100.0, 100.0, 100.0, 100.0, 100.0, 100.0, 100.0, 100.0, 100.0, 100.0, 100.0, 100.0, 100.0, 100.0, 100.0, 100.0, 100.0, 100.0, 100.0, 100.0, 100.0, 100.0, 100.0, 100.0, 100.0, 100.0, 100.0, 100.0, 100.0, 100.0, 100.0, 100.0, 100.0, 100.0, 100.0, 100.0, 100.0, 100.0, 100.0, 100.0, 100.0, 100.0]
[[15, 109, 149, 148, 79, 191, 18, 98, 196, 190, 132, 157, 128, 77, 90, 151, 83, 184, 158, 0, 12, 18, 157, 26, 209, 133, 144, 176, 161, 184, 12, 72, 69, 207, 13, 120, 96, 69, 189, 44, 123, 137, 166, 89, 170, 41, 39, 103, 74, 203], 217]
[93.08755760368663, 93.08755760368663, 97.6958525345622, 99.07834101382488, 99.07834101382488, 99.07834101382488, 99.07834101382488, 99.07834101382488, 99.07834101382488, 99.07834101382488, 99.07834101382488, 99.07834101382488, 99.07834101382488, 99.07834101382488, 99.07834101382488, 99.07834101382488, 99.07834101382488, 99.07834101382488, 99.07834101382488, 99.07834101382488, 99.07834101382488, 99.07834101382488, 99.07834101382488, 99.07834101382488, 99.07834101382488, 99.07834101382488, 99.07834101382488, 99.07834101382488, 99.07834101382488, 99.07834101382488, 99.07834101382488, 99.07834101382488, 99.07834101382488, 99.07834101382488, 99.07834101382488, 99.07834101382488, 99.07834101382488, 99.07834101382488, 99.07834101382488, 99.07834101382488, 99.07834101382488, 99.07834101382488, 99.07834101382488, 99.07834101382488, 99.07834101382488, 99.07834101382488, 99.07834101382488, 99.07834101382488, 99.07834101382488, 99.07834101382488, 99.07834101382488, 99.07834101382488, 99.07834101382488, 99.07834101382488, 99.07834101382488, 99.07834101382488, 99.07834101382488, 99.07834101382488, 99.07834101382488, 99.07834101382488, 99.07834101382488, 99.07834101382488, 99.07834101382488, 99.07834101382488, 99.07834101382488, 99.07834101382488, 99.07834101382488, 99.07834101382488, 99.07834101382488, 99.07834101382488, 99.07834101382488, 99.53917050691244, 99.53917050691244, 99.53917050691244, 99.53917050691244, 99.53917050691244, 99.53917050691244, 99.53917050691244, 99.53917050691244, 99.53917050691244, 99.53917050691244, 99.53917050691244, 99.53917050691244, 99.53917050691244, 99.53917050691244, 99.53917050691244, 99.53917050691244, 99.53917050691244, 99.53917050691244, 99.53917050691244, 99.53917050691244, 99.53917050691244, 99.53917050691244, 99.53917050691244, 99.53917050691244, 99.53917050691244, 99.53917050691244, 99.53917050691244, 99.53917050691244, 99.53917050691244]
[[128, 72, 106, 118, 134, 24, 164, 104, 5, 4, 26, 135, 215, 142, 95, 65, 171, 72, 70, 18, 34, 194, 163, 139, 152, 190, 67, 50, 216, 186, 87, 173, 163, 128, 190, 62, 89, 36, 100, 199, 64, 135, 211, 198, 112, 170, 111, 129, 3, 181], 216]
[96.7741935483871, 96.7741935483871, 97.23502304147465, 97.23502304147465, 97.23502304147465, 97.23502304147465, 97.23502304147465, 98.61751152073732, 100.0, 100.0, 100.0, 100.0, 100.0, 100.0, 100.0, 100.0, 100.0, 100.0, 100.0, 100.0, 100.0, 100.0, 100.0, 100.0, 100.0, 100.0, 100.0, 100.0, 100.0, 100.0, 100.0, 100.0, 100.0, 100.0, 100.0, 100.0, 100.0, 100.0, 100.0, 100.0, 100.0, 100.0, 100.0, 100.0, 100.0, 100.0, 100.0, 100.0, 100.0, 100.0, 100.0, 100.0, 100.0, 100.0, 100.0, 100.0, 100.0, 100.0, 100.0, 100.0, 100.0, 100.0, 100.0, 100.0, 100.0, 100.0, 100.0, 100.0, 100.0, 100.0, 100.0, 100.0, 100.0, 100.0, 100.0, 100.0, 100.0, 100.0, 100.0, 100.0, 100.0, 100.0, 100.0, 100.0, 100.0, 100.0, 100.0, 100.0, 100.0, 100.0, 100.0, 100.0, 100.0, 100.0, 100.0, 100.0, 100.0, 100.0, 100.0, 100.0]
[[154, 99, 123, 95, 149, 58, 23, 125, 107, 215, 175, 151, 198, 35, 123, 39, 190, 1, 74, 158, 140, 169, 183, 131, 124, 196, 51, 42, 181, 151, 24, 136, 148, 68, 48, 181, 89, 85, 194, 103, 98, 202, 175, 201, 84, 114, 166, 21, 20, 107], 217]
[96.7741935483871, 96.7741935483871, 96.7741935483871, 97.6958525345622, 97.6958525345622, 98.61751152073732, 99.53917050691244, 99.53917050691244, 99.53917050691244, 99.53917050691244, 99.53917050691244, 99.53917050691244, 99.53917050691244, 100.0, 100.0, 100.0, 100.0, 100.0, 100.0, 100.0, 100.0, 100.0, 100.0, 100.0, 100.0, 100.0, 100.0, 100.0, 100.0, 100.0, 100.0, 100.0, 100.0, 100.0, 100.0, 100.0, 100.0, 100.0, 100.0, 100.0, 100.0, 100.0, 100.0, 100.0, 100.0, 100.0, 100.0, 100.0, 100.0, 100.0, 100.0, 100.0, 100.0, 100.0, 100.0, 100.0, 100.0, 100.0, 100.0, 100.0, 100.0, 100.0, 100.0, 100.0, 100.0, 100.0, 100.0, 100.0, 100.0, 100.0, 100.0, 100.0, 100.0, 100.0, 100.0, 100.0, 100.0, 100.0, 100.0, 100.0, 100.0, 100.0, 100.0, 100.0, 100.0, 100.0, 100.0, 100.0, 100.0, 100.0, 100.0, 100.0, 100.0, 100.0, 100.0, 100.0, 100.0, 100.0, 100.0, 100.0]
[[26, 36, 51, 135, 109, 56, 51, 69, 199, 29, 149, 46, 155, 36, 11, 190, 102, 3, 210, 144, 36, 32, 71, 163, 56, 104, 78, 38, 156, 104, 123, 119, 183, 165, 84, 113, 112, 75, 210, 182, 69, 62, 183, 200, 196, 18, 83, 152, 90, 152], 217]
[94.00921658986175, 94.00921658986175, 98.15668202764977, 98.15668202764977, 98.15668202764977, 98.15668202764977, 98.15668202764977, 98.15668202764977, 98.15668202764977, 98.15668202764977, 99.07834101382488, 99.07834101382488, 99.07834101382488, 99.07834101382488, 99.07834101382488, 99.07834101382488, 99.07834101382488, 99.07834101382488, 99.53917050691244, 99.53917050691244, 99.53917050691244, 99.53917050691244, 99.53917050691244, 99.53917050691244, 100.0, 100.0, 100.0, 100.0, 100.0, 100.0, 100.0, 100.0, 100.0, 100.0, 100.0, 100.0, 100.0, 100.0, 100.0, 100.0, 100.0, 100.0, 100.0, 100.0, 100.0, 100.0, 100.0, 100.0, 100.0, 100.0, 100.0, 100.0, 100.0, 100.0, 100.0, 100.0, 100.0, 100.0, 100.0, 100.0, 100.0, 100.0, 100.0, 100.0, 100.0, 100.0, 100.0, 100.0, 100.0, 100.0, 100.0, 100.0, 100.0, 100.0, 100.0, 100.0, 100.0, 100.0, 100.0, 100.0, 100.0, 100.0, 100.0, 100.0, 100.0, 100.0, 100.0, 100.0, 100.0, 100.0, 100.0, 100.0, 100.0, 100.0, 100.0, 100.0, 100.0, 100.0, 100.0, 100.0]
[[149, 188, 135, 175, 108, 157, 207, 144, 160, 59, 56, 89, 97, 210, 97, 190, 57, 129, 183, 40, 24, 134, 169, 91, 82, 209, 131, 52, 163, 195, 144, 200, 22, 147, 114, 69, 133, 111, 121, 196, 4, 75, 80, 69, 193, 5, 26, 98, 26, 52], 217]
[95.39170506912443, 95.39170506912443, 96.7741935483871, 96.7741935483871, 99.07834101382488, 99.07834101382488, 99.07834101382488, 99.07834101382488, 99.07834101382488, 99.53917050691244, 99.53917050691244, 99.53917050691244, 99.53917050691244, 100.0, 100.0, 100.0, 100.0, 100.0, 100.0, 100.0, 100.0, 100.0, 100.0, 100.0, 100.0, 100.0, 100.0, 100.0, 100.0, 100.0, 100.0, 100.0, 100.0, 100.0, 100.0, 100.0, 100.0, 100.0, 100.0, 100.0, 100.0, 100.0, 100.0, 100.0, 100.0, 100.0, 100.0, 100.0, 100.0, 100.0, 100.0, 100.0, 100.0, 100.0, 100.0, 100.0, 100.0, 100.0, 100.0, 100.0, 100.0, 100.0, 100.0, 100.0, 100.0, 100.0, 100.0, 100.0, 100.0, 100.0, 100.0, 100.0, 100.0, 100.0, 100.0, 100.0, 100.0, 100.0, 100.0, 100.0, 100.0, 100.0, 100.0, 100.0, 100.0, 100.0, 100.0, 100.0, 100.0, 100.0, 100.0, 100.0, 100.0, 100.0, 100.0, 100.0, 100.0, 100.0, 100.0, 100.0]
[[69, 167, 40, 95, 2, 160, 29, 154, 76, 144, 112, 37, 72, 89, 210, 73, 2, 54, 212, 196, 111, 170, 190, 37, 70, 114, 112, 17, 129, 210, 28, 73, 54, 72, 184, 95, 191, 22, 180, 209, 5, 157, 134, 204, 90, 33, 109, 105, 173, 43], 217]
