[99.07834101382488, 99.07834101382488, 99.07834101382488, 99.07834101382488, 99.07834101382488, 99.53917050691244, 99.53917050691244, 99.53917050691244, 100.0, 100.0, 100.0, 100.0, 100.0, 100.0, 100.0, 100.0, 100.0, 100.0, 100.0, 100.0, 100.0, 100.0, 100.0, 100.0, 100.0, 100.0, 100.0, 100.0, 100.0, 100.0, 100.0, 100.0, 100.0, 100.0, 100.0, 100.0, 100.0, 100.0, 100.0, 100.0, 100.0, 100.0, 100.0, 100.0, 100.0, 100.0, 100.0, 100.0, 100.0, 100.0, 100.0, 100.0, 100.0, 100.0, 100.0, 100.0, 100.0, 100.0, 100.0, 100.0, 100.0, 100.0, 100.0, 100.0, 100.0, 100.0, 100.0, 100.0, 100.0, 100.0, 100.0, 100.0, 100.0, 100.0, 100.0, 100.0, 100.0, 100.0, 100.0, 100.0, 100.0, 100.0, 100.0, 100.0, 100.0, 100.0, 100.0, 100.0, 100.0, 100.0, 100.0, 100.0, 100.0, 100.0, 100.0, 100.0, 100.0, 100.0, 100.0, 100.0]
[[114, 208, 166, 176, 129, 204, 129, 107, 150, 190, 204, 61, 32, 52, 168, 103, 130, 113, 103, 33, 121, 133, 112, 69, 76, 149, 197, 91, 143, 69, 105, 84, 149, 72, 162, 173, 76, 34, 110, 1, 3, 38, 177, 31, 152, 168, 184, 107, 48, 196], 217]
[98.61751152073732, 98.61751152073732, 98.61751152073732, 98.61751152073732, 98.61751152073732, 98.61751152073732, 98.61751152073732, 99.07834101382488, 99.07834101382488, 99.07834101382488, 99.07834101382488, 99.07834101382488, 99.07834101382488, 99.07834101382488, 99.07834101382488, 99.07834101382488, 99.07834101382488, 99.07834101382488, 99.07834101382488, 99.53917050691244, 100.0, 100.0, 100.0, 100.0, 100.0, 100.0, 100.0, 100.0, 100.0, 100.0, 100.0, 100.0, 100.0, 100.0, 100.0, 100.0, 100.0, 100.0, 100.0, 100.0, 100.0, 100.0, 100.0, 100.0, 100.0, 100.0, 100.0, 100.0, 100.0, 100.0, 100.0, 100.0, 100.0, 100.0, 100.0, 100.0, 100.0, 100.0, 100.0, 100.0, 100.0, 100.0, 100.0, 100.0, 100.0, 100.0, 100.0, 100.0, 100.0, 100.0, 100.0, 100.0, 100.0, 100.0, 100.0, 100.0, 100.0, 100.0, 100.0, 100.0, 100.0, 100.0, 100.0, 100.0, 100.0, 100.0, 100.0, 100.0, 100.0, 100.0, 100.0, 100.0, 100.0, 100.0, 100.0, 100.0, 100.0, 100.0, 100.0, 100.0]
[[69, 27, 151, 22, 26, 50, 89, 143, 45, 152, 74, 86, 196, 183, 139, 40, 16, 134, 146, 210, 69, 178, 122, 126, 190, 134, 54, 140, 146, 171, 36, 23, 68, 12, 166, 190, 109, 60, 70, 30, 157, 180, 25, 26, 60, 9, 155, 122, 109, 215], 217]
[96.7741935483871, 96.7741935483871, 96.7741935483871, 99.07834101382488, 99.07834101382488, 99.07834101382488, 99.07834101382488, 99.07834101382488, 99.07834101382488, 99.07834101382488, 99.07834101382488, 100.0, 100.0, 100.0, 100.0, 100.0, 100.0, 100.0, 100.0, 100.0, 100.0, 100.0, 100.0, 100.0, 100.0, 100.0, 100.0, 100.0, 100.0, 100.0, 100.0, 100.0, 100.0, 100.0, 100.0, 100.0, 100.0, 100.0, 100.0, 100.0, 100.0, 100.0, 100.0, 100.0, 100.0, 100.0, 100.0, 100.0, 100.0, 100.0, 100.0, 100.0, 100.0, 100.0, 100.0, 100.0, 100.0, 100.0, 100.0, 100.0, 100.0, 100.0, 100.0, 100.0, 100.0, 100.0, 100.0, 100.0, 100.0, 100.0, 100.0, 100.0, 100.0, 100.0, 100.0, 100.0, 100.0, 100.0, 100.0, 100.0, 100.0, 100.0, 100.0, 100.0, 100.0, 100.0, 100.0, 100.0, 100.0, 100.0, 100.0, 100.0, 100.0, 100.0, 100.0, 100.0, 100.0, 100.0, 100.0, 100.0]
[[190, 164, 146, 24, 22, 136, 50, 51, 107, 105, 75, 201, 150, 162, 150, 62, 134, 21, 107, 141, 183, 125, 30, 161, 112, 190, 105, 199, 112, 143, 144, 102, 45, 104, 85, 18, 70, 176, 18, 114, 69, 163, 169, 75, 196, 160, 192, 69, 62, 130], 217]
[94.93087557603687, 94.93087557603687, 96.7741935483871, 96.7741935483871, 96.7741935483871, 96.7741935483871, 97.23502304147465, 98.61751152073732, 99.07834101382488, 100.0, 100.0, 100.0, 100.0, 100.0, 100.0, 100.0, 100.0, 100.0, 100.0, 100.0, 100.0, 100.0, 100.0, 100.0, 100.0, 100.0, 100.0, 100.0, 100.0, 100.0, 100.0, 100.0, 100.0, 100.0, 100.0, 100.0, 100.0, 100.0, 100.0, 100.0, 100.0, 100.0, 100.0, 100.0, 100.0, 100.0, 100.0, 100.0, 100.0, 100.0, 100.0, 100.0, 100.0, 100.0, 100.0, 100.0, 100.0, 100.0, 100.0, 100.0, 100.0, 100.0, 100.0, 100.0, 100.0, 100.0, 100.0, 100.0, 100.0, 100.0, 100.0, 100.0, 100.0, 100.0, 100.0, 100.0, 100.0, 100.0, 100.0, 100.0, 100.0, 100.0, 100.0, 100.0, 100.0, 100.0, 100.0, 100.0, 100.0, 100.0, 100.0, 100.0, 100.0, 100.0, 100.0, 100.0, 100.0, 100.0, 100.0, 100.0]
[[209, 69, 194, 63, 196, 72, 209, 24, 121, 108, 192, 6, 83, 6, 152, 181, 193, 69, 49, 84, 167, 105, 121, 69, 73, 216, 111, 165, 69, 121, 191, 211, 141, 20, 4, 190, 132, 91, 78, 95, 8, 170, 200, 168, 2, 89, 170, 26, 21, 96], 217]
[96.7741935483871, 96.7741935483871, 97.23502304147465, 97.23502304147465, 98.15668202764977, 98.61751152073732, 98.61751152073732, 99.53917050691244, 99.53917050691244, 99.53917050691244, 99.53917050691244, 99.53917050691244, 99.53917050691244, 99.53917050691244, 99.53917050691244, 99.53917050691244, 99.53917050691244, 99.53917050691244, 99.53917050691244, 99.53917050691244, 99.53917050691244, 99.53917050691244, 99.53917050691244, 100.0, 100.0, 100.0, 100.0, 100.0, 100.0, 100.0, 100.0, 100.0, 100.0, 100.0, 100.0, 100.0, 100.0, 100.0, 100.0, 100.0, 100.0, 100.0, 100.0, 100.0, 100.0, 100.0, 100.0, 100.0, 100.0, 100.0, 100.0, 100.0, 100.0, 100.0, 100.0, 100.0, 100.0, 100.0, 100.0, 100.0, 100.0, 100.0, 100.0, 100.0, 100.0, 100.0, 100.0, 100.0, 100.0, 100.0, 100.0, 100.0, 100.0, 100.0, 100.0, 100.0, 100.0, 100.0, 100.0, 100.0, 100.0, 100.0, 100.0, 100.0, 100.0, 100.0, 100.0, 100.0, 100.0, 100.0, 100.0, 100.0, 100.0, 100.0, 100.0, 100.0, 100.0, 100.0, 100.0, 100.0]
[[46, 56, 204, 56, 137, 34, 105, 28, 136, 112, 181, 182, 69, 3, 88, 146, 196, 40, 215, 58, 114, 143, 6, 202, 108, 119, 1, 205, 43, 89, 190, 46, 195, 165, 166, 56, 184, 75, 70, 124, 51, 136, 177, 69, 0, 210, 104, 200, 165, 7], 217]
[97.6958525345622, 97.6958525345622, 97.6958525345622, 97.6958525345622, 97.6958525345622, 98.61751152073732, 99.07834101382488, 99.07834101382488, 99.07834101382488, 99.07834101382488, 99.07834101382488, 99.07834101382488, 99.07834101382488, 99.07834101382488, 99.07834101382488, 99.07834101382488, 99.07834101382488, 99.07834101382488, 99.07834101382488, 99.07834101382488, 99.07834101382488, 99.53917050691244, 99.53917050691244, 99.53917050691244, 99.53917050691244, 99.53917050691244, 99.53917050691244, 99.53917050691244, 99.53917050691244, 99.53917050691244, 99.53917050691244, 99.53917050691244, 99.53917050691244, 99.53917050691244, 99.53917050691244, 99.53917050691244, 99.53917050691244, 99.53917050691244, 99.53917050691244, 99.53917050691244, 99.53917050691244, 99.53917050691244, 99.53917050691244, 99.53917050691244, 99.53917050691244, 99.53917050691244, 99.53917050691244, 99.53917050691244, 99.53917050691244, 99.53917050691244, 99.53917050691244, 99.53917050691244, 99.53917050691244, 99.53917050691244, 99.53917050691244, 99.53917050691244, 99.53917050691244, 99.53917050691244, 99.53917050691244, 99.53917050691244, 99.53917050691244, 99.53917050691244, 99.53917050691244, 99.53917050691244, 99.53917050691244, 99.53917050691244, 99.53917050691244, 99.53917050691244, 99.53917050691244, 99.53917050691244, 99.53917050691244, 99.53917050691244, 99.53917050691244, 99.53917050691244, 99.53917050691244, 99.53917050691244, 99.53917050691244, 99.53917050691244, 99.53917050691244, 99.53917050691244, 99.53917050691244, 99.53917050691244, 99.53917050691244, 99.53917050691244, 99.53917050691244, 99.53917050691244, 99.53917050691244, 99.53917050691244, 99.53917050691244, 99.53917050691244, 99.53917050691244, 99.53917050691244, 99.53917050691244, 99.53917050691244, 99.53917050691244, 99.53917050691244, 99.53917050691244, 99.53917050691244, 99.53917050691244, 99.53917050691244]
[[183, 68, 132, 25, 62, 112, 144, 200, 96, 54, 197, 44, 120, 8, 169, 38, 40, 135, 4, 31, 169, 140, 4, 125, 55, 23, 45, 196, 173, 183, 46, 183, 13, 74, 25, 100, 55, 16, 168, 111, 134, 134, 51, 191, 136, 86, 112, 183, 19, 131], 216]
[97.23502304147465, 97.23502304147465, 97.23502304147465, 97.6958525345622, 97.6958525345622, 97.6958525345622, 97.6958525345622, 98.61751152073732, 98.61751152073732, 98.61751152073732, 98.61751152073732, 99.07834101382488, 99.07834101382488, 99.07834101382488, 99.07834101382488, 99.07834101382488, 99.07834101382488, 99.07834101382488, 99.07834101382488, 99.07834101382488, 99.07834101382488, 99.07834101382488, 99.07834101382488, 99.07834101382488, 99.07834101382488, 99.07834101382488, 99.07834101382488, 99.07834101382488, 99.07834101382488, 99.07834101382488, 99.07834101382488, 99.07834101382488, 99.07834101382488, 99.07834101382488, 99.07834101382488, 99.07834101382488, 99.07834101382488, 99.07834101382488, 99.07834101382488, 99.07834101382488, 99.07834101382488, 99.07834101382488, 99.07834101382488, 99.07834101382488, 99.07834101382488, 99.07834101382488, 99.07834101382488, 99.07834101382488, 99.07834101382488, 99.07834101382488, 99.07834101382488, 99.07834101382488, 99.07834101382488, 99.07834101382488, 99.07834101382488, 99.07834101382488, 99.07834101382488, 99.07834101382488, 99.07834101382488, 99.07834101382488, 99.07834101382488, 99.07834101382488, 99.07834101382488, 99.07834101382488, 99.07834101382488, 99.07834101382488, 99.07834101382488, 99.07834101382488, 99.07834101382488, 99.07834101382488, 99.07834101382488, 99.07834101382488, 99.07834101382488, 99.07834101382488, 99.07834101382488, 99.07834101382488, 99.07834101382488, 99.07834101382488, 99.07834101382488, 99.07834101382488, 99.07834101382488, 99.07834101382488, 99.07834101382488, 99.07834101382488, 99.07834101382488, 99.07834101382488, 99.07834101382488, 99.07834101382488, 99.07834101382488, 99.07834101382488, 99.07834101382488, 99.07834101382488, 99.07834101382488, 99.07834101382488, 99.07834101382488, 99.07834101382488, 99.07834101382488, 99.07834101382488, 99.07834101382488, 99.07834101382488]
[[101, 70, 191, 139, 34, 202, 172, 120, 201, 37, 51, 139, 191, 178, 168, 164, 212, 125, 152, 24, 78, 143, 184, 12, 143, 211, 146, 58, 105, 138, 27, 155, 130, 163, 146, 166, 134, 140, 164, 105, 167, 70, 43, 86, 145, 159, 127, 106, 157, 202], 215]
[94.47004608294931, 94.47004608294931, 98.61751152073732, 98.61751152073732, 98.61751152073732, 98.61751152073732, 98.61751152073732, 98.61751152073732, 98.61751152073732, 98.61751152073732, 98.61751152073732, 98.61751152073732, 98.61751152073732, 99.07834101382488, 99.07834101382488, 99.07834101382488, 99.53917050691244, 99.53917050691244, 99.53917050691244, 99.53917050691244, 99.53917050691244, 99.53917050691244, 99.53917050691244, 99.53917050691244, 99.53917050691244, 99.53917050691244, 99.53917050691244, 99.53917050691244, 99.53917050691244, 99.53917050691244, 99.53917050691244, 99.53917050691244, 99.53917050691244, 99.53917050691244, 99.53917050691244, 99.53917050691244, 99.53917050691244, 99.53917050691244, 99.53917050691244, 99.53917050691244, 99.53917050691244, 99.53917050691244, 99.53917050691244, 99.53917050691244, 99.53917050691244, 99.53917050691244, 99.53917050691244, 99.53917050691244, 99.53917050691244, 99.53917050691244, 99.53917050691244, 99.53917050691244, 99.53917050691244, 99.53917050691244, 99.53917050691244, 99.53917050691244, 99.53917050691244, 99.53917050691244, 99.53917050691244, 99.53917050691244, 99.53917050691244, 99.53917050691244, 99.53917050691244, 99.53917050691244, 99.53917050691244, 99.53917050691244, 99.53917050691244, 99.53917050691244, 99.53917050691244, 99.53917050691244, 99.53917050691244, 99.53917050691244, 99.53917050691244, 99.53917050691244, 99.53917050691244, 99.53917050691244, 99.53917050691244, 99.53917050691244, 99.53917050691244, 99.53917050691244, 99.53917050691244, 99.53917050691244, 99.53917050691244, 99.53917050691244, 99.53917050691244, 99.53917050691244, 99.53917050691244, 99.53917050691244, 99.53917050691244, 99.53917050691244, 99.53917050691244, 99.53917050691244, 99.53917050691244, 99.53917050691244, 99.53917050691244, 99.53917050691244, 99.53917050691244, 99.53917050691244, 99.53917050691244, 99.53917050691244]
[[90, 69, 178, 91, 8, 75, 112, 109, 183, 32, 150, 55, 206, 75, 69, 87, 100, 63, 72, 112, 204, 181, 43, 198, 202, 162, 204, 184, 119, 44, 96, 133, 28, 182, 51, 46, 69, 129, 164, 51, 40, 126, 205, 45, 84, 78, 190, 191, 119, 78], 216]
[95.39170506912443, 95.39170506912443, 95.39170506912443, 96.31336405529954, 98.15668202764977, 98.15668202764977, 98.15668202764977, 98.15668202764977, 98.15668202764977, 98.15668202764977, 98.15668202764977, 98.15668202764977, 98.15668202764977, 98.15668202764977, 98.15668202764977, 98.15668202764977, 98.15668202764977, 98.15668202764977, 98.15668202764977, 98.15668202764977, 98.15668202764977, 98.15668202764977, 98.15668202764977, 98.15668202764977, 98.15668202764977, 98.61751152073732, 98.61751152073732, 98.61751152073732, 98.61751152073732, 98.61751152073732, 98.61751152073732, 98.61751152073732, 98.61751152073732, 99.53917050691244, 99.53917050691244, 99.53917050691244, 99.53917050691244, 99.53917050691244, 99.53917050691244, 99.53917050691244, 99.53917050691244, 99.53917050691244, 99.53917050691244, 99.53917050691244, 100.0, 100.0, 100.0, 100.0, 100.0, 100.0, 100.0, 100.0, 100.0, 100.0, 100.0, 100.0, 100.0, 100.0, 100.0, 100.0, 100.0, 100.0, 100.0, 100.0, 100.0, 100.0, 100.0, 100.0, 100.0, 100.0, 100.0, 100.0, 100.0, 100.0, 100.0, 100.0, 100.0, 100.0, 100.0, 100.0, 100.0, 100.0, 100.0, 100.0, 100.0, 100.0, 100.0, 100.0, 100.0, 100.0, 100.0, 100.0, 100.0, 100.0, 100.0, 100.0, 100.0, 100.0, 100.0, 100.0]
[[111, 113, 181, 21, 131, 52, 16, 16, 178, 75, 125, 37, 164, 167, 12, 12, 191, 24, 69, 3, 151, 111, 75, 118, 127, 95, 23, 127, 92, 75, 124, 210, 192, 196, 210, 116, 190, 178, 167, 191, 135, 117, 112, 87, 148, 60, 134, 109, 144, 50], 217]
[94.00921658986175, 94.00921658986175, 94.00921658986175, 94.93087557603687, 98.61751152073732, 98.61751152073732, 98.61751152073732, 98.61751152073732, 98.61751152073732, 98.61751152073732, 99.07834101382488, 99.07834101382488, 99.07834101382488, 99.07834101382488, 99.07834101382488, 99.07834101382488, 99.07834101382488, 99.07834101382488, 99.07834101382488, 100.0, 100.0, 100.0, 100.0, 100.0, 100.0, 100.0, 100.0, 100.0, 100.0, 100.0, 100.0, 100.0, 100.0, 100.0, 100.0, 100.0, 100.0, 100.0, 100.0, 100.0, 100.0, 100.0, 100.0, 100.0, 100.0, 100.0, 100.0, 100.0, 100.0, 100.0, 100.0, 100.0, 100.0, 100.0, 100.0, 100.0, 100.0, 100.0, 100.0, 100.0, 100.0, 100.0, 100.0, 100.0, 100.0, 100.0, 100.0, 100.0, 100.0, 100.0, 100.0, 100.0, 100.0, 100.0, 100.0, 100.0, 100.0, 100.0, 100.0, 100.0, 100.0, 100.0, 100.0, 100.0, 100.0, 100.0, 100.0, 100.0, 100.0, 100.0, 100.0, 100.0, 100.0, 100.0, 100.0, 100.0, 100.0, 100.0, 100.0, 100.0]
[[151, 126, 209, 62, 165, 78, 104, 185, 100, 190, 140, 183, 19, 113, 169, 67, 8, 16, 172, 115, 59, 178, 173, 104, 39, 95, 136, 41, 121, 63, 68, 17, 128, 16, 91, 92, 39, 109, 28, 100, 196, 183, 155, 132, 28, 144, 72, 58, 16, 184], 217]
