[7.668828691339184, 7.668828691339184, 9.214040442579169, 9.214040442579169, 9.214040442579169, 9.633727584891263, 9.633727584891263, 12.170927127050744, 12.170927127050744, 12.170927127050744]
[[295, 1407, 1514, 5077, 3102, 1838, 2888, 3846, 4876, 2276, 234, 3380, 359, 4297, 4229, 1792, 2537, 159, 1648, 2589, 5098, 2027, 77, 1402, 4161, 503, 4828, 4843, 1704, 4488, 1904, 113, 2935, 4678, 3520, 3128, 3994, 1240, 4864, 684, 2332, 1392, 4239, 4178, 508, 1827, 1006, 1573, 3011, 165], 638]
[7.058374666157955, 7.058374666157955, 9.137733689431515, 9.137733689431515, 9.137733689431515, 10.568485310950019, 10.568485310950019, 10.568485310950019, 10.568485310950019, 10.568485310950019]
[[4879, 4900, 2400, 3303, 823, 3570, 3215, 1466, 3017, 2717, 2877, 1403, 3576, 127, 644, 826, 2767, 1791, 1704, 1320, 4786, 2354, 3214, 3468, 395, 2894, 4134, 631, 4908, 997, 3842, 2762, 2653, 1638, 3379, 5048, 1263, 277, 370, 4084, 1281, 4385, 313, 296, 2546, 3351, 3213, 2881, 4980, 4966], 554]
[8.966043494849295, 8.966043494849295, 9.385730637161389, 9.385730637161389, 9.385730637161389, 9.996184662342618, 9.996184662342618, 9.996184662342618, 10.6829454406715, 10.6829454406715]
[[2828, 4972, 4652, 710, 315, 3281, 296, 3247, 4450, 929, 4273, 1485, 4204, 2209, 479, 1240, 3242, 4745, 656, 4556, 5241, 3023, 4664, 2131, 2670, 2659, 1358, 300, 4854, 3197, 3322, 2727, 5225, 2055, 2552, 398, 3586, 3152, 4335, 2150, 3502, 127, 4126, 421, 4623, 372, 3318, 2074, 4901, 1611], 560]
[10.434948492941626, 10.434948492941626, 10.434948492941626, 10.434948492941626, 10.434948492941626, 10.434948492941626, 10.434948492941626, 10.434948492941626, 10.434948492941626, 10.434948492941626]
[[2227, 2844, 3512, 3800, 2318, 1702, 985, 1375, 2121, 1723, 3787, 2180, 2808, 2530, 2471, 3547, 3663, 2038, 736, 3944, 3751, 1014, 2465, 3523, 223, 1804, 973, 4880, 316, 3374, 4050, 2789, 2129, 3981, 1251, 2770, 3529, 3331, 2248, 886, 582, 2118, 921, 593, 75, 3840, 3811, 2230, 1754, 1801], 547]
[9.156810377718427, 9.156810377718427, 9.156810377718427, 9.156810377718427, 11.655856543304083, 11.655856543304083, 11.655856543304083, 11.655856543304083, 11.655856543304083, 11.655856543304083]
[[655, 1235, 4875, 4819, 3368, 2666, 2312, 712, 2811, 4363, 3208, 4424, 4930, 4083, 779, 3551, 1757, 2686, 2506, 3910, 460, 0, 3376, 3156, 3086, 127, 4927, 650, 649, 5117, 1295, 16, 744, 132, 2295, 3682, 1401, 3451, 4020, 897, 914, 500, 567, 531, 1563, 3806, 1623, 860, 584, 2757], 611]
[7.210988172453262, 7.210988172453262, 7.70698206791301, 7.70698206791301, 7.70698206791301, 8.927890118275467, 8.927890118275467, 8.927890118275467, 8.927890118275467, 8.927890118275467]
[[243, 382, 1037, 2339, 3953, 3879, 758, 1896, 4373, 298, 4908, 4633, 2369, 2839, 4636, 1736, 3169, 2705, 1066, 6, 623, 5120, 1728, 2931, 5128, 1183, 4854, 3400, 39, 3341, 1821, 2927, 3448, 1163, 2949, 2063, 2195, 3652, 2202, 44, 1731, 1403, 2817, 2162, 1218, 5126, 2452, 1015, 412, 58], 468]
[8.985120183136207, 8.985120183136207, 8.985120183136207, 8.985120183136207, 9.156810377718427, 9.156810377718427, 9.156810377718427, 9.519267455169782, 10.339565051507059, 10.339565051507059]
[[1374, 1152, 2544, 1981, 478, 1595, 154, 1192, 1761, 3621, 1248, 1352, 2753, 5237, 1282, 3305, 698, 419, 932, 3727, 4301, 790, 4821, 2140, 3505, 751, 597, 4043, 4968, 425, 3708, 3037, 1378, 3916, 4479, 2009, 2636, 2701, 2902, 3747, 1909, 3928, 2620, 485, 4834, 3267, 4907, 1120, 3047, 1252], 542]
[7.4589851201831365, 7.4589851201831365, 10.12972148035101, 10.12972148035101, 10.12972148035101, 10.12972148035101, 10.12972148035101, 10.12972148035101, 10.12972148035101, 10.12972148035101]
[[266, 4055, 2369, 4887, 864, 2888, 387, 3471, 2020, 1320, 2537, 2519, 778, 1047, 3365, 4725, 4483, 4002, 3549, 627, 3427, 3823, 2408, 3996, 434, 2445, 1654, 2723, 1891, 2849, 619, 12, 4400, 3190, 1899, 695, 3058, 2721, 1433, 336, 3966, 3079, 485, 2620, 2926, 1030, 1813, 3446, 2500, 4502], 531]
[6.276230446394506, 6.276230446394506, 7.840518885921404, 10.62571537581076, 10.62571537581076, 10.62571537581076, 10.62571537581076, 10.62571537581076, 10.62571537581076, 10.62571537581076]
[[2063, 366, 3406, 1583, 3482, 596, 5094, 7, 2695, 1451, 2629, 2910, 4007, 3095, 4849, 4704, 3280, 2708, 1734, 4614, 973, 2125, 623, 1942, 1068, 3940, 2624, 3582, 4206, 4284, 1228, 299, 4598, 3137, 856, 3076, 4988, 5105, 2000, 2960, 749, 5114, 1675, 3244, 2727, 3746, 2920, 99, 4556, 3904], 557]
[6.52422739412438, 6.52422739412438, 8.77527661198016, 9.042350247996948, 9.080503624570774, 9.080503624570774, 9.080503624570774, 9.080503624570774, 9.080503624570774, 9.080503624570774]
[[5047, 1271, 2997, 4088, 2314, 3541, 522, 1044, 2312, 2974, 1592, 3489, 4721, 2138, 3778, 783, 2523, 1268, 2893, 4007, 1752, 1632, 2623, 4447, 3895, 4565, 1642, 5125, 2133, 3009, 5176, 2643, 1660, 1932, 104, 709, 449, 2903, 1222, 2910, 2706, 3078, 4319, 4667, 642, 3021, 3692, 417, 2385, 700], 476]
