[12.685997710797405, 12.685997710797405, 12.685997710797405, 12.685997710797405, 12.685997710797405, 12.685997710797405, 12.685997710797405, 12.685997710797405, 12.685997710797405, 12.685997710797405]
[[1796, 454, 514, 5228, 4858, 832, 2497, 2559, 693, 332, 2996, 3593, 3573, 1040, 439, 972, 754, 4102, 4426, 4040, 477, 4048, 4720, 3378, 3705, 2323, 1066, 2773, 1080, 4288, 27, 1237, 3401, 2382, 521, 474, 5084, 3545, 303, 3985, 5131, 1624, 3290, 4179, 2200, 696, 4005, 351, 1228, 840], 665]
[7.153758107592522, 7.153758107592522, 8.145745898512018, 8.145745898512018, 8.622663105684854, 10.396795116367798, 10.396795116367798, 10.396795116367798, 10.396795116367798, 10.396795116367798]
[[1023, 2693, 2029, 2028, 813, 3404, 3998, 1300, 4244, 1488, 2132, 531, 1070, 3433, 1805, 120, 4399, 1920, 4922, 1472, 679, 3926, 1949, 296, 3656, 112, 457, 2526, 5064, 3950, 3704, 4657, 362, 3676, 4316, 4662, 1900, 5155, 1776, 63, 5232, 66, 3809, 2170, 72, 1758, 1754, 3222, 1597, 1707], 545]
[5.62762304463945, 5.62762304463945, 7.325448302174743, 7.325448302174743, 7.325448302174743, 9.843571156047311, 9.843571156047311, 10.549408622663107, 10.549408622663107, 10.549408622663107]
[[1038, 1257, 868, 3737, 2407, 4740, 2228, 4815, 910, 296, 1803, 3259, 525, 2622, 1311, 1570, 644, 4520, 184, 1720, 5028, 2992, 628, 418, 1644, 1198, 797, 4592, 2495, 1410, 3659, 1734, 2339, 1464, 4640, 3218, 5140, 55, 1038, 1257, 868, 3737, 2407, 4740, 2228, 4815, 910, 296, 1803, 3259], 553]
[9.233117130866082, 9.233117130866082, 10.282334986646319, 10.282334986646319, 10.282334986646319, 10.282334986646319, 12.914917970240367, 12.914917970240367, 12.914917970240367, 12.914917970240367]
[[1928, 1450, 1273, 2943, 3861, 2413, 1795, 4706, 1565, 943, 2995, 575, 412, 4900, 48, 1297, 545, 3068, 297, 2287, 1606, 1161, 883, 3242, 5054, 5229, 3590, 5135, 1266, 4259, 337, 3822, 1395, 4786, 5211, 294, 687, 1928, 1450, 1273, 2943, 3861, 2413, 1795, 3905, 758, 443, 1624, 294, 687], 677]
[7.2491415490270885, 7.2491415490270885, 9.252193819152994, 9.252193819152994, 9.252193819152994, 9.252193819152994, 9.252193819152994, 9.252193819152994, 9.767264402899656, 9.767264402899656]
[[2266, 3549, 4354, 996, 4023, 931, 797, 104, 4277, 2622, 3853, 3396, 3114, 2342, 168, 2089, 2655, 1482, 4849, 290, 2367, 2234, 1641, 3258, 4334, 483, 1773, 3492, 2667, 1303, 2281, 3268, 2091, 2826, 227, 4282, 4029, 863, 1754, 2788, 4249, 1355, 2420, 4057, 4701, 251, 1995, 348, 3648, 1442], 512]
[6.047310186951545, 6.047310186951545, 7.764212132773751, 7.764212132773751, 7.764212132773751, 7.764212132773751, 7.764212132773751, 11.598626478443343, 11.598626478443343, 11.598626478443343]
[[2030, 4938, 1677, 1222, 3078, 3367, 1885, 4592, 1492, 1675, 3839, 253, 287, 4727, 806, 24, 440, 2272, 2826, 3759, 1512, 4720, 3269, 1797, 304, 3872, 5036, 3201, 932, 1475, 1696, 71, 1799, 1102, 3763, 325, 3258, 678, 3451, 253, 1278, 1740, 3808, 4698, 1785, 1339, 658, 187, 2734, 2592], 608]
[9.214040442579169, 9.214040442579169, 9.214040442579169, 9.214040442579169, 9.214040442579169, 9.214040442579169, 9.214040442579169, 9.214040442579169, 9.214040442579169, 9.214040442579169]
[[793, 2813, 4323, 1903, 944, 3458, 5003, 73, 4851, 712, 1714, 1730, 1402, 3080, 4253, 179, 1877, 904, 3903, 67, 2351, 1392, 3848, 5185, 3023, 1887, 3125, 4817, 1576, 870, 1630, 715, 565, 482, 3407, 4561, 1409, 5209, 1793, 3086, 3302, 488, 521, 364, 3897, 2, 817, 2080, 149, 2195], 483]
[10.301411674933231, 10.301411674933231, 10.301411674933231, 10.301411674933231, 11.560473101869515, 11.560473101869515, 11.560473101869515, 11.560473101869515, 11.560473101869515, 11.560473101869515]
[[3046, 3965, 4561, 3865, 4255, 320, 2710, 758, 1455, 4970, 3172, 739, 3786, 4918, 1853, 147, 2814, 101, 513, 3519, 505, 3696, 3844, 4768, 2274, 2270, 2658, 3957, 4813, 1653, 73, 4557, 1471, 1681, 3478, 1276, 2885, 5204, 285, 463, 386, 4040, 4174, 925, 3543, 2154, 877, 3035, 4946, 4876], 606]
[7.783288821060664, 7.783288821060664, 7.783288821060664, 7.783288821060664, 7.783288821060664, 7.783288821060664, 7.783288821060664, 7.783288821060664, 7.783288821060664, 7.783288821060664]
[[3535, 2762, 4808, 5022, 584, 1333, 129, 3931, 3518, 2002, 2024, 3175, 3132, 2779, 872, 4831, 278, 2101, 478, 1471, 4542, 165, 636, 1606, 752, 4152, 3751, 3805, 3444, 5190, 973, 1762, 895, 1505, 3008, 1655, 36, 3734, 524, 3165, 2001, 1286, 1736, 4258, 1233, 1510, 2478, 2076, 3674, 4649], 408]
[7.039297977871041, 7.039297977871041, 8.88973674170164, 8.88973674170164, 10.644792064097672, 10.644792064097672, 10.644792064097672, 10.644792064097672, 10.644792064097672, 10.644792064097672]
[[3530, 3808, 963, 4908, 702, 2590, 1496, 4835, 4759, 1438, 2113, 837, 2859, 3245, 2896, 1866, 2921, 3558, 825, 4687, 3684, 854, 4459, 4511, 1596, 2278, 3110, 1840, 3700, 475, 3839, 3869, 1901, 4545, 1475, 2304, 1866, 4583, 3248, 1056, 4376, 1302, 3257, 2218, 1439, 2976, 2120, 1120, 295, 5159], 558]
