[6.772224341854254, 6.772224341854254, 6.905761159862648, 8.222052651659672, 9.462037390309042, 9.462037390309042, 9.462037390309042, 9.462037390309042, 9.462037390309042, 9.462037390309042]
[[3342, 1026, 3386, 3917, 3885, 698, 654, 4313, 5148, 4, 3529, 27, 1608, 1917, 4181, 1848, 821, 3736, 1777, 1122, 4064, 1752, 3139, 1374, 1733, 1067, 2586, 2028, 1149, 2179, 589, 375, 845, 1502, 5018, 1402, 68, 1948, 4701, 1329, 5189, 2016, 2808, 745, 2023, 3599, 3972, 3895, 11, 2619], 496]
[7.764212132773751, 7.764212132773751, 7.764212132773751, 7.764212132773751, 9.61465089660435, 9.61465089660435, 11.903853491033956, 11.903853491033956, 11.903853491033956, 11.903853491033956]
[[1244, 197, 3212, 2603, 3165, 319, 1516, 4759, 1917, 452, 867, 4341, 1082, 1116, 1348, 204, 3467, 5106, 4868, 3308, 4243, 2701, 3010, 964, 4804, 2850, 3762, 2160, 5114, 4100, 4807, 1562, 480, 311, 2720, 398, 4747, 418, 3228, 87, 1640, 2184, 1733, 2141, 4126, 1139, 3410, 4504, 365, 828], 624]
[8.069439145364365, 8.069439145364365, 8.069439145364365, 8.069439145364365, 8.069439145364365, 8.069439145364365, 10.434948492941626, 10.434948492941626, 10.434948492941626, 10.434948492941626]
[[391, 4037, 2188, 183, 5095, 5232, 2681, 233, 1286, 2041, 295, 4760, 2204, 1123, 4990, 1012, 819, 2838, 2344, 2343, 2711, 1571, 5224, 746, 4343, 1012, 819, 2838, 2344, 2343, 2711, 1571, 5224, 746, 1800, 5016, 3881, 3030, 30, 1511, 1211, 822, 5186, 4089, 3808, 4492, 4018, 435, 2900, 1982], 547]
[6.35253719954216, 6.35253719954216, 8.164822586798932, 8.164822586798932, 10.511255246089279, 10.511255246089279, 10.6829454406715, 10.6829454406715, 10.6829454406715, 10.6829454406715]
[[738, 412, 4255, 1108, 2314, 3321, 3655, 4582, 76, 450, 2850, 3816, 2843, 812, 1485, 1672, 3319, 975, 119, 430, 2529, 3553, 20, 537, 4059, 1309, 1182, 4521, 4396, 2913, 1548, 1550, 1880, 3076, 1611, 2669, 2242, 782, 1542, 2053, 2897, 3739, 495, 799, 74, 907, 3971, 4027, 1, 259], 560]
[6.066386875238458, 6.066386875238458, 8.450972911102632, 8.450972911102632, 8.641739793971766, 8.641739793971766, 8.641739793971766, 9.881724532621137, 9.881724532621137, 10.12972148035101]
[[726, 4658, 1273, 279, 4099, 2722, 799, 2451, 1753, 438, 827, 861, 1976, 726, 4031, 5023, 1603, 415, 3051, 1733, 1380, 4281, 264, 1777, 3616, 4724, 4291, 1901, 1869, 4542, 1480, 3989, 3205, 4094, 5098, 3414, 3692, 799, 2451, 1753, 438, 827, 861, 1976, 726, 4031, 5023, 1603, 861, 1976], 531]
[8.393742846241892, 8.393742846241892, 8.393742846241892, 8.393742846241892, 8.393742846241892, 8.43189622281572, 8.43189622281572, 8.679893170545594, 9.347577260587562, 9.347577260587562]
[[3194, 4405, 3097, 1685, 1651, 4872, 3422, 4464, 92, 1778, 2354, 2289, 1726, 1130, 368, 285, 3178, 2773, 139, 3238, 2497, 745, 2638, 5142, 4755, 3300, 3511, 3640, 3240, 3097, 1685, 1651, 4872, 3422, 4464, 92, 96, 3171, 2916, 3206, 2851, 1376, 674, 4309, 4663, 3409, 2024, 2848, 182, 1059], 490]
[10.434948492941626, 10.434948492941626, 10.434948492941626, 10.434948492941626, 10.434948492941626, 10.434948492941626, 10.434948492941626, 10.434948492941626, 10.434948492941626, 10.434948492941626]
[[3205, 1766, 2393, 319, 971, 1638, 966, 1710, 4626, 2417, 5117, 4082, 2414, 4600, 2660, 2618, 3609, 2657, 4845, 2254, 4044, 1125, 3107, 2481, 2605, 584, 2275, 686, 1903, 843, 1190, 4634, 5108, 329, 3875, 2024, 3329, 4756, 983, 174, 1360, 3277, 627, 2155, 4386, 3792, 595, 5236, 3475, 1096], 547]
[8.546356352537199, 8.546356352537199, 8.546356352537199, 8.546356352537199, 11.369706219000381, 11.369706219000381, 11.369706219000381, 11.369706219000381, 11.369706219000381, 11.369706219000381]
[[3887, 1656, 1689, 201, 253, 3161, 4902, 2668, 3430, 3930, 3441, 502, 61, 122, 3603, 4908, 2417, 3886, 277, 2274, 1093, 2439, 1056, 2236, 1515, 916, 3163, 1422, 2913, 1133, 211, 3287, 3392, 1395, 4082, 763, 5086, 2957, 1316, 4533, 4099, 1308, 749, 3458, 4663, 3912, 3657, 377, 274, 2283], 596]
[7.726058756199924, 7.726058756199924, 8.48912628767646, 8.8325066768409, 8.8325066768409, 9.67188096146509, 9.67188096146509, 9.67188096146509, 10.263258298359405, 10.263258298359405]
[[715, 4126, 4709, 2142, 880, 1000, 256, 47, 91, 4016, 313, 742, 810, 1782, 1127, 4242, 1674, 2645, 3850, 4520, 2910, 3310, 882, 3282, 3496, 4214, 5190, 101, 2739, 2968, 2596, 715, 4126, 4709, 2142, 880, 1000, 256, 47, 91, 4016, 313, 3282, 3496, 4214, 5190, 101, 2739, 2968, 2596], 538]
[7.306371613887829, 7.306371613887829, 7.306371613887829, 7.363601678748569, 8.48912628767646, 8.546356352537199, 8.546356352537199, 8.546356352537199, 8.546356352537199, 10.244181610072491]
[[4226, 1326, 1290, 2023, 582, 3572, 2373, 3135, 3948, 3860, 419, 2478, 2607, 3027, 4435, 103, 4081, 1762, 3084, 5223, 906, 2176, 444, 2650, 4853, 1483, 143, 882, 4626, 4316, 4118, 3315, 2471, 2860, 2739, 2747, 1012, 1467, 1734, 4508, 4556, 254, 2165, 77, 3941, 1071, 2366, 1335, 2794, 5062], 537]
