[8.622663105684854, 8.622663105684854, 8.71804654711942, 10.167874856924838, 10.167874856924838, 10.167874856924838, 10.167874856924838, 10.167874856924838, 10.167874856924838, 10.167874856924838]
[[3853, 2962, 2510, 204, 4202, 2469, 866, 1716, 551, 4860, 1309, 615, 3078, 4004, 3024, 4582, 2702, 3520, 2535, 1480, 2685, 1724, 3131, 1509, 1444, 684, 5197, 1164, 1910, 2136, 672, 1294, 1489, 2365, 5159, 3554, 4997, 2280, 301, 315, 4428, 1667, 4401, 3596, 3179, 4530, 812, 4344, 453, 966], 533]
[9.595574208317435, 9.595574208317435, 9.595574208317435, 9.595574208317435, 9.595574208317435, 9.595574208317435, 9.595574208317435, 12.628767645936666, 12.628767645936666, 12.628767645936666]
[[550, 100, 3246, 2587, 576, 336, 4534, 5129, 874, 744, 555, 1275, 3969, 108, 4883, 2963, 2451, 401, 545, 414, 1790, 3140, 2515, 2027, 4215, 1781, 1180, 4040, 4204, 376, 4250, 374, 41, 470, 5034, 1137, 1460, 3822, 245, 3979, 728, 1573, 1672, 477, 2123, 2426, 792, 3415, 2881, 654], 662]
[8.679893170545594, 8.679893170545594, 8.679893170545594, 8.679893170545594, 8.679893170545594, 8.679893170545594, 8.679893170545594, 9.767264402899656, 9.767264402899656, 9.767264402899656]
[[3851, 1036, 3680, 2897, 894, 5202, 3330, 380, 2935, 2243, 4132, 4649, 353, 5043, 1306, 1338, 744, 828, 2166, 4433, 4015, 5136, 1770, 4138, 1641, 4151, 4437, 1931, 3226, 1076, 4887, 993, 2740, 3097, 2808, 4871, 1696, 4202, 1526, 2676, 4305, 4055, 4283, 506, 1201, 1514, 3320, 1369, 4189, 1249], 512]
[8.374666157954978, 8.374666157954978, 8.374666157954978, 9.061426936283862, 9.061426936283862, 9.061426936283862, 9.061426936283862, 9.061426936283862, 11.02632582983594, 11.865700114460129]
[[429, 41, 1026, 1944, 733, 1687, 4798, 5121, 914, 3262, 2587, 3174, 3334, 2510, 45, 1575, 1401, 1792, 3880, 2016, 2587, 3174, 3334, 2510, 45, 4907, 3133, 3850, 745, 3993, 3028, 3179, 2399, 3761, 2754, 123, 746, 1011, 333, 3573, 2142, 4321, 713, 103, 1763, 3385, 5016, 799, 3154, 442], 622]
[7.64975200305227, 7.64975200305227, 8.679893170545594, 9.175887066005341, 9.175887066005341, 9.175887066005341, 9.175887066005341, 9.175887066005341, 9.175887066005341, 9.347577260587562]
[[65, 1133, 545, 4129, 1454, 1230, 2925, 2947, 1564, 1221, 3819, 2670, 4242, 4316, 3978, 115, 65, 1133, 545, 2692, 11, 1057, 525, 4379, 2770, 934, 3332, 2840, 1828, 1077, 1944, 2251, 1323, 3166, 4148, 5178, 2152, 2330, 1425, 4595, 373, 1372, 1811, 693, 4658, 2670, 4242, 4316, 3978, 115], 490]
[8.336512781381153, 8.336512781381153, 8.622663105684854, 9.252193819152994, 9.481114078595956, 9.481114078595956, 9.862647844334223, 9.862647844334223, 9.862647844334223, 9.862647844334223]
[[1829, 2523, 2422, 2688, 1270, 2180, 4286, 1381, 3904, 2181, 4889, 2310, 775, 2279, 3539, 4753, 2386, 1767, 3630, 2080, 4598, 4040, 4433, 4483, 1857, 1036, 270, 396, 4375, 4510, 655, 4955, 642, 3560, 466, 1643, 136, 1296, 3213, 2432, 5222, 2362, 2789, 1899, 3563, 1314, 101, 1757, 430, 4380], 517]
[6.886684471575735, 6.886684471575735, 7.363601678748569, 7.668828691339184, 7.70698206791301, 7.745135444486837, 8.985120183136207, 10.396795116367798, 10.396795116367798, 10.396795116367798]
[[341, 2387, 1482, 58, 4698, 4734, 1759, 5072, 1369, 4601, 4879, 10, 980, 5079, 3195, 1643, 4162, 1942, 3692, 278, 828, 2961, 2476, 1962, 228, 3829, 1855, 1525, 1240, 4831, 1293, 1706, 58, 4698, 4734, 3999, 41, 1701, 2895, 2047, 5091, 3731, 1858, 262, 2571, 3212, 452, 4072, 2228, 2424], 545]
[9.55742083174361, 9.55742083174361, 9.55742083174361, 9.55742083174361, 9.55742083174361, 10.530331934376193, 10.530331934376193, 10.530331934376193, 10.530331934376193, 10.530331934376193]
[[644, 462, 2031, 3240, 808, 3149, 1578, 610, 400, 2465, 3996, 4028, 4380, 1543, 840, 4328, 1012, 463, 3304, 2412, 75, 412, 4750, 5163, 4539, 81, 160, 880, 2045, 582, 3290, 3985, 1300, 3041, 4944, 644, 4216, 504, 2011, 2620, 2241, 854, 3641, 89, 2069, 5111, 4530, 1902, 1899, 1822], 552]
[7.64975200305227, 7.64975200305227, 7.64975200305227, 8.641739793971766, 10.587561999236932, 10.587561999236932, 10.587561999236932, 10.587561999236932, 10.587561999236932, 10.587561999236932]
[[3532, 2832, 263, 1982, 297, 1420, 4827, 578, 3321, 2740, 1668, 4436, 3528, 346, 4443, 1799, 433, 5105, 3355, 1592, 2760, 4652, 60, 3744, 4533, 2311, 939, 1775, 1318, 1433, 898, 2169, 1567, 867, 1729, 342, 4592, 3820, 443, 3484, 3485, 4243, 2131, 4521, 1853, 3008, 2680, 379, 4694, 4441], 555]
[8.48912628767646, 8.48912628767646, 8.48912628767646, 8.48912628767646, 8.48912628767646, 8.48912628767646, 9.55742083174361, 9.55742083174361, 9.55742083174361, 9.55742083174361]
[[512, 4590, 117, 389, 3926, 3302, 299, 4061, 2611, 559, 4872, 5202, 4636, 740, 3667, 5084, 120, 4915, 4560, 1804, 4789, 1043, 2442, 4743, 1595, 3801, 4826, 1373, 862, 4002, 4779, 1052, 4685, 1098, 3895, 4783, 4814, 4454, 22, 1247, 3277, 3519, 4618, 3291, 2672, 1641, 3902, 4104, 1572, 2671], 501]
