[8.508202975963373, 8.508202975963373, 9.023273559710034, 9.023273559710034, 9.023273559710034, 9.023273559710034, 9.118657001144602, 9.118657001144602, 9.881724532621137, 9.881724532621137]
[[4024, 980, 119, 4833, 2987, 3745, 502, 3143, 2044, 966, 1942, 524, 4193, 3835, 1887, 4686, 194, 4930, 3060, 641, 11, 1462, 5161, 1060, 1607, 3233, 4811, 1611, 2057, 4040, 2186, 650, 906, 1213, 2785, 3039, 4340, 3251, 1076, 970, 4510, 3318, 683, 2758, 3312, 3995, 1749, 2266, 3862, 3404], 518]
[6.009156810377719, 6.009156810377719, 8.756199923693247, 8.756199923693247, 8.756199923693247, 8.756199923693247, 9.137733689431515, 9.137733689431515, 9.366653948874475, 10.225104921785578]
[[1678, 1284, 3790, 3085, 5014, 207, 593, 3570, 3516, 3448, 3604, 1106, 325, 2460, 1709, 1886, 4411, 2457, 1163, 2334, 2789, 2556, 764, 2786, 1079, 2097, 4237, 4491, 3476, 205, 2413, 3121, 1176, 333, 519, 4819, 704, 3709, 2250, 2831, 2701, 499, 4956, 2861, 495, 2467, 3238, 2892, 302, 3112], 536]
[8.508202975963373, 8.508202975963373, 8.508202975963373, 9.862647844334223, 9.862647844334223, 10.85463563525372, 10.85463563525372, 10.85463563525372, 10.85463563525372, 10.85463563525372]
[[1818, 1199, 18, 4909, 1263, 3172, 5153, 3497, 2339, 2557, 363, 3470, 464, 3549, 1556, 1590, 4325, 3087, 4866, 1755, 101, 1041, 958, 2827, 5002, 301, 452, 1613, 5234, 4529, 1162, 375, 2798, 2523, 3973, 108, 3520, 2087, 2032, 150, 2721, 3187, 2121, 118, 3573, 5047, 2143, 5060, 2702, 78], 569]
[7.077451354444868, 7.077451354444868, 10.244181610072491, 10.244181610072491, 10.244181610072491, 10.244181610072491, 10.244181610072491, 10.244181610072491, 10.244181610072491, 10.244181610072491]
[[3403, 1588, 4012, 1997, 297, 4727, 4684, 4695, 3750, 3345, 5011, 3110, 4618, 2558, 1803, 2525, 623, 3907, 1345, 2667, 1291, 2548, 1163, 1756, 4669, 4086, 4797, 3457, 1337, 2976, 303, 545, 3638, 139, 3129, 2539, 3348, 2245, 2692, 1192, 13, 446, 59, 3831, 3360, 3260, 400, 3469, 3036, 3224], 537]
[8.145745898512018, 8.145745898512018, 8.317436093094239, 8.317436093094239, 8.317436093094239, 9.271270507439908, 9.271270507439908, 9.271270507439908, 10.721098817245327, 10.721098817245327]
[[4863, 3823, 5119, 269, 3795, 3643, 3907, 2889, 2258, 214, 1243, 4685, 672, 1681, 1360, 2382, 1729, 4112, 1689, 1740, 4002, 4991, 4083, 15, 104, 428, 373, 1862, 4526, 3823, 5119, 269, 1546, 607, 1322, 1007, 2299, 2859, 1334, 1460, 1120, 3794, 3648, 159, 2020, 2340, 2969, 2326, 3747, 1505], 562]
[10.892789011827547, 10.892789011827547, 10.892789011827547, 10.892789011827547, 10.892789011827547, 10.892789011827547, 10.892789011827547, 10.892789011827547, 10.892789011827547, 10.892789011827547]
[[100, 3751, 2015, 1550, 3282, 2411, 3275, 3948, 5206, 2666, 4502, 2229, 976, 5036, 429, 1291, 2443, 3711, 1726, 1580, 3070, 3467, 418, 2397, 256, 1119, 4143, 2246, 1449, 2660, 3098, 1029, 1564, 4759, 2507, 1114, 2457, 5087, 1321, 459, 3620, 960, 2933, 366, 3581, 3463, 102, 507, 4487, 4967], 571]
[6.295307134681419, 6.295307134681419, 9.576497520030523, 9.576497520030523, 10.110644792064098, 10.110644792064098, 10.110644792064098, 10.110644792064098, 10.110644792064098, 10.110644792064098]
[[3394, 450, 1048, 2968, 943, 5208, 1666, 146, 2525, 3038, 669, 284, 4212, 4364, 4734, 4472, 3983, 954, 2769, 3184, 4326, 3655, 2191, 95, 1999, 2413, 1466, 461, 4985, 2501, 3822, 3414, 5207, 1779, 1650, 1967, 3429, 1755, 4991, 1888, 3488, 1857, 1279, 1001, 1955, 4367, 190, 3454, 3820, 2742], 530]
[8.164822586798932, 8.164822586798932, 8.164822586798932, 9.194963754292255, 9.194963754292255, 9.824494467760397, 9.824494467760397, 10.053414727203357, 10.053414727203357, 10.053414727203357]
[[150, 1664, 4977, 416, 3411, 5198, 3160, 108, 1538, 3784, 4045, 983, 4090, 3382, 1901, 352, 2293, 3742, 3959, 1651, 171, 260, 2929, 2508, 3448, 2228, 1646, 237, 4128, 4917, 114, 1906, 3088, 4503, 5014, 4159, 1572, 1401, 1738, 3101, 3834, 3645, 2400, 4743, 2264, 1715, 629, 1143, 4195, 3621], 527]
[8.412819534528806, 8.412819534528806, 8.412819534528806, 8.412819534528806, 8.412819534528806, 8.870660053414728, 8.870660053414728, 8.870660053414728, 8.870660053414728, 8.870660053414728]
[[55, 3641, 4037, 4440, 1683, 3478, 5106, 2864, 2893, 2627, 377, 2903, 2135, 2419, 2654, 1686, 2091, 2708, 3845, 179, 2257, 115, 2686, 2756, 2630, 4912, 699, 595, 285, 26, 2612, 3539, 4403, 4770, 4517, 5230, 3779, 4898, 2880, 3584, 4435, 4099, 1048, 1853, 4924, 2418, 1342, 4048, 1504, 1564], 465]
[10.835558946966806, 10.835558946966806, 10.835558946966806, 10.835558946966806, 10.835558946966806, 10.835558946966806, 10.835558946966806, 10.835558946966806, 10.835558946966806, 10.835558946966806]
[[1294, 1776, 1985, 410, 4818, 3541, 429, 1178, 5142, 5232, 731, 4182, 1388, 1462, 2233, 2841, 1258, 4165, 890, 4908, 3228, 745, 4304, 4265, 1694, 2626, 4314, 2966, 2356, 1870, 3409, 5117, 1228, 2879, 3344, 2780, 2885, 3519, 4946, 2214, 4427, 1166, 717, 1498, 3084, 4438, 273, 674, 4527, 2426], 568]
