[5.971003433803892, 5.971003433803892, 8.317436093094239, 9.385730637161389, 9.385730637161389, 9.385730637161389, 9.385730637161389, 9.805417779473483, 9.805417779473483, 9.805417779473483]
[[4928, 3726, 4484, 5059, 3572, 12, 2193, 33, 3492, 5065, 2777, 5226, 290, 685, 2565, 3747, 4587, 1957, 5221, 3444, 2181, 540, 860, 1079, 3068, 289, 3582, 286, 2583, 4869, 3616, 2580, 2814, 3066, 2233, 1463, 108, 708, 1492, 3089, 1071, 1840, 260, 4586, 3114, 2508, 2296, 1420, 3096, 15], 514]
[8.241129339946585, 8.241129339946585, 10.12972148035101, 10.12972148035101, 10.12972148035101, 10.12972148035101, 10.12972148035101, 10.12972148035101, 10.12972148035101, 10.473101869515451]
[[4158, 1223, 4670, 1290, 4192, 1817, 100, 1096, 1223, 4670, 1290, 4192, 1817, 100, 1096, 2256, 2136, 828, 2336, 234, 2858, 2211, 5100, 1266, 4394, 2450, 3244, 229, 419, 1587, 2474, 1069, 1372, 225, 4912, 3231, 258, 3824, 4647, 1410, 2661, 832, 2535, 606, 973, 3622, 1978, 4934, 3607, 1592], 549]
[7.172834795879435, 7.172834795879435, 7.439908431896223, 7.439908431896223, 7.439908431896223, 8.77527661198016, 8.77527661198016, 10.034338038916443, 10.034338038916443, 10.034338038916443]
[[848, 1125, 495, 3955, 4684, 1433, 3143, 745, 5118, 912, 4626, 289, 4648, 4184, 1325, 4625, 836, 3253, 1603, 4362, 3625, 359, 2042, 4729, 3105, 4784, 4838, 4951, 125, 4854, 1218, 924, 4740, 4929, 4211, 4894, 3946, 2584, 4761, 4903, 1939, 3620, 848, 561, 2787, 3372, 1967, 3321, 3309, 331], 526]
[9.404807325448303, 9.404807325448303, 9.404807325448303, 9.404807325448303, 9.404807325448303, 9.404807325448303, 9.404807325448303, 9.404807325448303, 12.380770698206792, 12.380770698206792]
[[5006, 3532, 4114, 3392, 1623, 2744, 4418, 2746, 4258, 3463, 927, 1440, 4218, 836, 2363, 3968, 4898, 2908, 897, 4610, 5052, 234, 3112, 144, 2451, 3866, 1397, 4211, 72, 1451, 2029, 4545, 2914, 209, 466, 5205, 3020, 1378, 2607, 4444, 1719, 3663, 303, 40, 1076, 2949, 1618, 1253, 1, 1885], 649]
[7.840518885921404, 7.840518885921404, 7.840518885921404, 8.298359404807325, 8.298359404807325, 8.298359404807325, 8.298359404807325, 8.412819534528806, 9.633727584891263, 9.633727584891263]
[[1872, 2847, 3616, 3486, 279, 2069, 3397, 2649, 1141, 3372, 154, 2597, 4400, 1830, 3010, 1884, 4959, 2811, 4960, 214, 3916, 3172, 1923, 277, 2027, 2805, 2688, 3179, 1166, 4031, 2864, 4049, 4491, 4440, 2644, 1109, 2603, 5012, 2276, 3609, 75, 432, 204, 2226, 1370, 2500, 5241, 2069, 2752, 3573], 505]
[8.985120183136207, 8.985120183136207, 9.271270507439908, 9.271270507439908, 9.271270507439908, 9.271270507439908, 9.271270507439908, 9.996184662342618, 10.282334986646319, 11.446012972148035]
[[1564, 41, 530, 4876, 895, 2238, 2355, 1714, 4638, 4430, 1678, 235, 5113, 502, 923, 3066, 5084, 2414, 3982, 4252, 593, 292, 1758, 603, 2920, 3110, 1711, 4709, 4417, 4326, 572, 376, 4922, 4149, 3919, 4781, 673, 4361, 1764, 215, 2458, 4449, 4906, 3599, 295, 374, 4046, 1078, 3408, 5136], 600]
[5.894696680656238, 5.894696680656238, 6.428843952689813, 8.622663105684854, 8.622663105684854, 9.00419687142312, 10.206028233498664, 10.206028233498664, 10.206028233498664, 10.873712323540634]
[[3769, 1844, 3230, 541, 1869, 1473, 11, 4478, 3952, 3076, 41, 176, 2673, 2377, 3364, 3707, 2279, 346, 810, 2468, 1437, 2556, 1491, 1895, 2154, 2874, 3103, 612, 4621, 1484, 5037, 870, 3743, 4626, 282, 4331, 4352, 1348, 5098, 1363, 4901, 3873, 2658, 614, 1611, 3359, 2418, 1484, 2819, 4166], 570]
[6.943914536436474, 6.943914536436474, 9.194963754292255, 9.194963754292255, 9.194963754292255, 9.194963754292255, 9.938954597481876, 9.938954597481876, 9.938954597481876, 9.938954597481876]
[[4966, 75, 3398, 775, 249, 4891, 5103, 11, 4720, 606, 2308, 3341, 3101, 4269, 315, 634, 2777, 3308, 345, 1178, 472, 2312, 3852, 1187, 3762, 4454, 4243, 2576, 4484, 40, 288, 614, 2559, 537, 1703, 3026, 4252, 1751, 1912, 567, 4545, 1580, 3221, 4538, 4151, 1660, 727, 3291, 1857, 4412], 521]
[7.611598626478443, 7.611598626478443, 9.55742083174361, 9.55742083174361, 11.484166348721862, 11.484166348721862, 11.484166348721862, 11.484166348721862, 11.484166348721862, 11.484166348721862]
[[2093, 980, 356, 1330, 2409, 820, 967, 2875, 4042, 284, 387, 3744, 767, 914, 942, 3051, 1883, 521, 759, 3416, 435, 4639, 3319, 3044, 1075, 4146, 838, 1314, 248, 3810, 1862, 4869, 375, 4873, 3956, 1378, 780, 3970, 3328, 2056, 1784, 1056, 2520, 3660, 2766, 1081, 4558, 386, 3975, 623], 602]
[8.8325066768409, 8.8325066768409, 8.8325066768409, 8.8325066768409, 8.966043494849295, 8.966043494849295, 11.674933231590996, 11.674933231590996, 11.674933231590996, 11.674933231590996]
[[4711, 319, 425, 3020, 3214, 541, 363, 707, 2795, 2935, 2033, 514, 47, 1772, 622, 563, 3104, 3156, 65, 3888, 462, 4591, 701, 3327, 942, 4372, 1841, 2981, 2491, 1266, 363, 707, 2017, 4145, 3388, 3960, 5131, 3814, 2455, 275, 4717, 139, 3838, 2138, 2430, 1447, 3066, 3852, 2564, 3954], 612]
