[5.665776421213278, 5.665776421213278, 7.210988172453262, 8.508202975963373, 8.508202975963373, 8.508202975963373, 9.271270507439908, 9.271270507439908, 9.271270507439908, 9.271270507439908]
[[2804, 2921, 1281, 1517, 3049, 2861, 1794, 4332, 1765, 2043, 1727, 3476, 3488, 311, 1494, 582, 3714, 2650, 3571, 2104, 891, 463, 2000, 690, 1864, 668, 1136, 156, 1478, 2359, 1099, 363, 1269, 1513, 156, 1478, 2359, 1099, 363, 1269, 1513, 3858, 3424, 3635, 2545, 4469, 2643, 4203, 477, 2229], 486]
[7.115604731018695, 7.115604731018695, 7.115604731018695, 10.702022128958413, 10.702022128958413, 10.702022128958413, 10.702022128958413, 10.702022128958413, 10.702022128958413, 10.702022128958413]
[[1750, 5016, 5083, 4253, 3727, 1119, 4647, 1914, 1902, 232, 543, 1915, 1407, 1642, 3653, 2252, 5145, 4380, 3630, 4746, 709, 2869, 4591, 4393, 2527, 411, 3259, 2579, 1687, 532, 795, 1046, 318, 3134, 870, 4341, 5010, 3889, 46, 4182, 4427, 823, 2654, 1285, 5065, 3862, 3073, 3783, 4353, 3138], 561]
[7.497138496756963, 7.497138496756963, 8.966043494849295, 8.966043494849295, 9.519267455169782, 9.519267455169782, 9.519267455169782, 9.519267455169782, 9.519267455169782, 9.595574208317435]
[[290, 1709, 3473, 2644, 2387, 3635, 1280, 1426, 4399, 4021, 5205, 2442, 1539, 983, 1132, 468, 2006, 252, 1356, 4619, 3112, 3455, 2921, 996, 48, 4038, 2411, 2092, 1704, 2148, 4829, 211, 1096, 200, 5012, 5190, 4938, 2908, 5183, 3747, 345, 269, 4495, 152, 3520, 2770, 622, 1031, 4496, 2724], 503]
[7.42083174360931, 7.42083174360931, 7.42083174360931, 8.412819534528806, 8.412819534528806, 11.57954979015643, 11.57954979015643, 11.57954979015643, 11.57954979015643, 11.57954979015643]
[[3242, 3284, 2541, 4225, 1437, 2295, 424, 1502, 264, 3343, 4018, 1108, 958, 347, 1525, 4837, 4747, 2044, 4227, 2092, 590, 1767, 1488, 3529, 364, 774, 1251, 4815, 3770, 865, 98, 808, 5174, 2763, 70, 2911, 478, 2860, 5102, 588, 1940, 1831, 3816, 3013, 1044, 4939, 429, 2611, 2850, 4420], 607]
[7.287294925600916, 7.287294925600916, 8.088515833651279, 8.088515833651279, 9.767264402899656, 9.78634109118657, 9.78634109118657, 9.78634109118657, 9.78634109118657, 9.78634109118657]
[[962, 3940, 4734, 2289, 4006, 2408, 1212, 200, 2944, 1658, 3133, 1415, 965, 3196, 3571, 1399, 1511, 1671, 5121, 1748, 308, 2916, 2130, 644, 245, 190, 706, 1308, 3720, 1386, 2690, 3694, 1468, 1615, 2149, 5089, 410, 2097, 186, 1286, 392, 3316, 4108, 1261, 1488, 294, 2781, 1649, 4253, 3228], 513]
[7.993132392216711, 7.993132392216711, 7.993132392216711, 8.43189622281572, 8.679893170545594, 8.679893170545594, 8.679893170545594, 8.679893170545594, 8.679893170545594, 8.679893170545594]
[[4852, 108, 3561, 4084, 1401, 4815, 791, 924, 4250, 340, 3751, 441, 4061, 3782, 3890, 2411, 2967, 4464, 1781, 1112, 4767, 2076, 370, 71, 888, 5154, 3230, 2875, 1244, 3853, 3035, 1719, 3139, 1815, 4899, 3371, 87, 3114, 1599, 1146, 1661, 2073, 1047, 2910, 1376, 2566, 3780, 1696, 874, 1090], 455]
[7.878672262495231, 7.878672262495231, 8.584509729111026, 8.584509729111026, 10.415871804654712, 10.415871804654712, 10.415871804654712, 10.415871804654712, 10.415871804654712, 10.415871804654712]
[[360, 405, 4237, 218, 2996, 3300, 3060, 4830, 1319, 3050, 626, 2241, 3424, 4228, 4030, 4695, 92, 3472, 1045, 3151, 2385, 3057, 734, 4456, 2095, 1814, 4708, 2315, 1997, 2064, 2022, 5136, 4917, 507, 3074, 2842, 1088, 2970, 512, 4190, 1673, 249, 1009, 419, 4227, 1411, 2199, 1457, 644, 545], 546]
[7.1346814193056085, 7.1346814193056085, 10.301411674933231, 10.301411674933231, 10.301411674933231, 10.301411674933231, 10.301411674933231, 10.301411674933231, 10.301411674933231, 11.02632582983594]
[[2602, 73, 2823, 909, 1177, 3152, 5223, 11, 2760, 2341, 1512, 4254, 241, 2362, 2139, 3756, 1069, 4759, 2503, 2986, 3406, 1511, 1462, 386, 2814, 4044, 291, 3981, 3293, 4407, 1778, 1802, 147, 4524, 597, 3926, 1929, 3924, 2865, 4913, 4186, 859, 3485, 4507, 2278, 2816, 1553, 1562, 227, 452], 578]
[9.538344143456696, 9.538344143456696, 9.538344143456696, 9.538344143456696, 9.538344143456696, 9.538344143456696, 9.538344143456696, 9.538344143456696, 9.538344143456696, 9.538344143456696]
[[3380, 2476, 3733, 2158, 1464, 1522, 3238, 36, 3799, 67, 3909, 2651, 3865, 3609, 1238, 2644, 1612, 2177, 3447, 281, 1110, 1090, 1150, 2814, 1871, 871, 3268, 1365, 4773, 2122, 679, 4963, 5154, 4312, 286, 407, 505, 3607, 4530, 4934, 1264, 1616, 2198, 3095, 2598, 4142, 96, 4298, 2977, 1198], 500]
[6.657764212132774, 6.657764212132774, 7.0202212895841285, 7.726058756199924, 9.252193819152994, 10.186951545211752, 10.186951545211752, 10.186951545211752, 10.186951545211752, 10.186951545211752]
[[4271, 674, 2279, 1155, 3740, 4003, 4286, 4369, 1542, 720, 282, 1538, 2227, 1622, 1029, 517, 1315, 905, 4054, 5141, 3849, 781, 1195, 63, 947, 3568, 3730, 4351, 2097, 1110, 752, 3261, 2400, 2264, 36, 3321, 1992, 4810, 5200, 4657, 4037, 5103, 631, 5219, 3009, 3963, 2535, 1465, 1218, 408], 534]
