[7.554368561617703, 7.554368561617703, 9.271270507439908, 9.271270507439908, 9.271270507439908, 10.358641739793972, 10.358641739793972, 10.358641739793972, 10.530331934376193, 10.530331934376193]
[[2816, 1060, 2392, 3518, 3546, 117, 1561, 258, 1962, 2310, 5106, 1001, 3720, 53, 994, 1070, 2149, 1798, 3998, 3990, 2315, 3494, 1334, 4117, 3350, 5135, 4070, 1598, 3861, 4631, 1003, 3710, 3645, 442, 84, 4415, 4955, 2981, 4688, 2418, 3606, 3625, 1304, 2914, 2963, 465, 3198, 265, 5020, 5143], 552]
[7.993132392216711, 7.993132392216711, 8.298359404807325, 9.099580312857688, 9.099580312857688, 9.099580312857688, 12.09462037390309, 12.09462037390309, 12.09462037390309, 12.09462037390309]
[[4757, 3132, 1624, 214, 5220, 4016, 2653, 288, 2597, 2154, 276, 1604, 389, 4694, 307, 4045, 2448, 2389, 3184, 1290, 1501, 131, 5086, 5167, 4894, 3640, 1571, 1304, 3994, 4557, 4363, 1446, 3185, 4954, 1838, 54, 4819, 3025, 2243, 1027, 3577, 1564, 718, 843, 1263, 3605, 5143, 902, 515, 4700], 634]
[8.527279664250287, 8.527279664250287, 8.527279664250287, 8.527279664250287, 10.244181610072491, 10.244181610072491, 10.244181610072491, 10.244181610072491, 10.62571537581076, 10.62571537581076]
[[1106, 77, 1249, 5116, 2639, 954, 1545, 2265, 3182, 3139, 541, 1527, 4931, 3915, 356, 3754, 4488, 1651, 4891, 3630, 1527, 1792, 1738, 81, 2940, 193, 46, 4580, 4341, 1457, 2653, 2975, 3988, 785, 4228, 5214, 3184, 3525, 1265, 1029, 1731, 3224, 2917, 5157, 3598, 1921, 3003, 3841, 1284, 4217], 557]
[8.412819534528806, 8.412819534528806, 9.805417779473483, 9.805417779473483, 9.805417779473483, 9.805417779473483, 10.225104921785578, 10.225104921785578, 10.225104921785578, 10.225104921785578]
[[4550, 3372, 4626, 5240, 2355, 275, 4044, 557, 2137, 4832, 644, 295, 2694, 69, 1514, 4449, 5221, 4830, 381, 4698, 1260, 4820, 3687, 166, 2716, 1854, 4204, 209, 3674, 4173, 600, 2147, 782, 4932, 3471, 5157, 347, 4407, 1600, 5066, 708, 723, 499, 3863, 792, 919, 1631, 4385, 3894, 1549], 536]
[6.791301030141168, 6.791301030141168, 7.745135444486837, 7.82144219763449, 7.82144219763449, 7.82144219763449, 7.82144219763449, 11.484166348721862, 11.484166348721862, 11.484166348721862]
[[2118, 3754, 2457, 4531, 824, 1345, 3073, 1165, 3572, 3740, 2965, 2446, 3371, 1056, 4555, 1390, 1165, 2550, 2050, 2526, 4411, 1435, 2460, 978, 460, 1008, 2664, 5169, 2772, 3555, 3675, 527, 245, 2252, 927, 1510, 4487, 4024, 3809, 4244, 366, 502, 2123, 106, 1574, 3427, 3386, 473, 2638, 2020], 602]
[7.64975200305227, 7.64975200305227, 7.64975200305227, 7.64975200305227, 7.82144219763449, 9.00419687142312, 10.320488363220145, 10.320488363220145, 10.320488363220145, 10.492178557802365]
[[2776, 3233, 1912, 5175, 1953, 3658, 727, 1428, 464, 2105, 2165, 2459, 1238, 3726, 707, 3601, 935, 4469, 3566, 305, 5174, 4435, 1476, 2230, 2714, 5136, 4119, 4929, 4151, 2138, 4294, 4496, 2129, 240, 239, 2533, 2345, 647, 403, 2728, 1701, 4693, 5092, 3036, 3909, 4774, 466, 609, 1861, 853], 550]
[9.214040442579169, 9.214040442579169, 9.214040442579169, 9.214040442579169, 9.214040442579169, 9.214040442579169, 9.214040442579169, 9.214040442579169, 9.214040442579169, 9.214040442579169]
[[1045, 2385, 1426, 3027, 4523, 1397, 1473, 3171, 875, 2726, 4762, 404, 602, 1066, 4115, 645, 1860, 580, 2280, 3775, 2742, 380, 1822, 577, 2009, 4866, 5070, 5007, 773, 1215, 505, 525, 1264, 132, 3609, 425, 1781, 3279, 4044, 1499, 1662, 3878, 905, 524, 4299, 4857, 2422, 3903, 690, 2699], 483]
[10.015261350629531, 10.015261350629531, 10.015261350629531, 10.015261350629531, 10.015261350629531, 10.015261350629531, 10.015261350629531, 10.015261350629531, 10.015261350629531, 14.669973292636397]
[[4116, 1605, 3752, 1050, 2207, 139, 1505, 3720, 4518, 1303, 4730, 647, 1779, 3111, 73, 4196, 3295, 3432, 1790, 1234, 4508, 2329, 144, 3806, 1039, 3192, 2367, 4680, 2154, 4404, 3608, 2417, 3399, 1884, 4024, 4189, 77, 12, 1934, 1779, 3111, 73, 4196, 3295, 3432, 1790, 1234, 4508, 2329, 144], 769]
[9.347577260587562, 9.347577260587562, 9.347577260587562, 9.347577260587562, 9.347577260587562, 10.244181610072491, 10.244181610072491, 10.244181610072491, 10.244181610072491, 10.244181610072491]
[[3340, 182, 5057, 508, 2045, 2392, 2717, 3622, 4700, 3364, 2446, 2184, 4172, 3846, 2508, 1678, 4859, 2414, 2797, 3645, 2779, 4566, 285, 1386, 473, 1990, 3036, 1751, 3878, 2714, 3919, 4309, 4087, 617, 1517, 114, 2062, 1772, 3628, 2830, 1532, 1679, 1190, 5012, 2516, 471, 655, 4144, 4323, 4531], 537]
[8.77527661198016, 8.77527661198016, 8.77527661198016, 8.77527661198016, 8.77527661198016, 8.77527661198016, 9.996184662342618, 9.996184662342618, 9.996184662342618, 9.996184662342618]
[[2958, 1879, 45, 2575, 649, 1372, 1116, 2961, 284, 262, 793, 4610, 1003, 4118, 2249, 4526, 4712, 3458, 2863, 512, 2383, 3103, 3563, 19, 2515, 4321, 772, 19, 400, 4321, 772, 1838, 2384, 2476, 1584, 3952, 699, 1124, 693, 4112, 269, 3646, 3665, 2013, 1192, 2805, 4664, 1480, 4306, 3002], 524]
