[8.622663105684854, 8.622663105684854, 8.927890118275467, 9.290347195726822, 9.290347195726822, 9.290347195726822, 9.290347195726822, 9.290347195726822, 10.930942388401373, 12.438000763067532]
[[2686, 1824, 2875, 3235, 2787, 792, 684, 259, 3633, 1028, 4392, 3819, 2382, 4159, 2349, 861, 2324, 3799, 1189, 2848, 1839, 477, 3111, 2455, 3448, 283, 1144, 1727, 2224, 1054, 645, 3806, 1126, 2767, 2848, 459, 150, 909, 1621, 1098, 3586, 4739, 148, 208, 1516, 4338, 812, 2897, 1588, 3123], 652]
[5.45593285005723, 5.45593285005723, 8.088515833651279, 8.088515833651279, 8.088515833651279, 9.748187714612744, 9.748187714612744, 9.748187714612744, 9.748187714612744, 9.748187714612744]
[[4546, 3609, 4903, 4920, 2851, 1723, 912, 701, 4633, 2413, 1334, 4218, 3494, 2623, 1506, 3755, 4905, 2200, 1331, 5041, 4715, 3889, 1270, 848, 545, 2403, 3228, 4320, 1358, 1575, 185, 1246, 321, 2059, 2085, 1707, 2848, 3598, 1409, 4167, 3018, 904, 2211, 4659, 475, 928, 728, 1680, 750, 4547], 511]
[7.363601678748569, 7.363601678748569, 10.396795116367798, 10.396795116367798, 12.838611217092712, 12.838611217092712, 12.838611217092712, 12.838611217092712, 12.838611217092712, 12.838611217092712]
[[4974, 1794, 2105, 4027, 4758, 1037, 1779, 1798, 3964, 19, 2617, 893, 623, 1910, 967, 34, 4234, 3663, 1051, 2147, 2864, 3912, 2931, 5023, 2969, 3554, 2070, 1317, 748, 2354, 1150, 1277, 4788, 305, 1833, 2084, 399, 2460, 1297, 475, 124, 4678, 187, 681, 1899, 674, 657, 3053, 1238, 1894], 673]
[6.047310186951545, 6.047310186951545, 9.118657001144602, 9.118657001144602, 9.118657001144602, 9.767264402899656, 9.767264402899656, 10.206028233498664, 10.206028233498664, 10.206028233498664]
[[3691, 4298, 72, 4086, 215, 3068, 2457, 3503, 2846, 3068, 2457, 2208, 1121, 4301, 2229, 588, 1477, 5125, 4392, 2506, 4899, 3524, 1894, 1770, 3602, 545, 1312, 4752, 2758, 279, 3122, 628, 249, 3697, 4944, 3084, 3415, 4966, 984, 1948, 1628, 4136, 1688, 5029, 1266, 3857, 2104, 4559, 2160, 3528], 535]
[8.756199923693247, 8.756199923693247, 8.756199923693247, 9.767264402899656, 9.767264402899656, 9.767264402899656, 9.767264402899656, 10.530331934376193, 10.530331934376193, 10.530331934376193]
[[1022, 271, 2298, 4322, 3720, 2675, 2091, 2603, 4333, 483, 4547, 262, 1810, 4609, 1664, 3895, 4277, 4214, 490, 3016, 1019, 2553, 3592, 1168, 2426, 460, 4421, 421, 627, 2139, 2200, 4003, 808, 2838, 824, 4106, 450, 5192, 3640, 1887, 244, 3195, 559, 2910, 4206, 4603, 4192, 1458, 405, 4160], 552]
[6.5814574589851205, 6.5814574589851205, 8.393742846241892, 8.393742846241892, 8.927890118275467, 8.927890118275467, 8.927890118275467, 8.927890118275467, 8.927890118275467, 8.927890118275467]
[[1829, 2303, 3999, 4948, 1375, 2388, 2383, 1916, 2709, 663, 4529, 936, 2547, 567, 44, 1918, 3802, 4550, 1104, 278, 2549, 3233, 3672, 99, 4346, 3191, 5034, 2131, 5176, 2861, 508, 1733, 3174, 938, 2573, 3437, 2857, 714, 913, 4888, 4465, 3113, 1799, 3908, 2706, 4168, 419, 3566, 722, 3496], 468]
[7.726058756199924, 7.726058756199924, 7.726058756199924, 7.993132392216711, 7.993132392216711, 7.993132392216711, 8.641739793971766, 8.641739793971766, 8.641739793971766, 8.641739793971766]
[[1620, 4808, 3105, 5140, 1616, 3069, 1792, 4596, 5012, 1599, 83, 3095, 2646, 3715, 2983, 3671, 3670, 4838, 3364, 4026, 81, 673, 4993, 728, 1366, 293, 4734, 1933, 844, 2930, 2391, 2244, 3556, 254, 3140, 1180, 4080, 429, 631, 3221, 4940, 4395, 1460, 659, 3994, 381, 1285, 1782, 1191, 4197], 453]
[9.385730637161389, 9.385730637161389, 9.385730637161389, 9.385730637161389, 9.385730637161389, 9.385730637161389, 9.385730637161389, 9.385730637161389, 9.385730637161389, 9.385730637161389]
[[2413, 2634, 4753, 3799, 823, 3594, 1526, 30, 4233, 865, 4014, 1944, 2242, 4380, 250, 4464, 4996, 3378, 279, 1310, 4279, 3218, 1312, 2529, 2751, 2315, 2614, 455, 3666, 4344, 1185, 2770, 5089, 559, 1241, 2755, 3631, 5128, 2299, 3419, 131, 4735, 5207, 3489, 4745, 174, 2032, 4358, 3910, 2917], 492]
[6.657764212132774, 6.657764212132774, 8.241129339946585, 8.241129339946585, 8.241129339946585, 11.007249141549027, 11.007249141549027, 11.007249141549027, 11.007249141549027, 11.007249141549027]
[[2323, 2158, 886, 1922, 2474, 1135, 267, 1330, 2844, 5089, 1990, 4320, 4831, 219, 2048, 4508, 494, 2343, 245, 2236, 4674, 1197, 2633, 48, 2102, 1352, 2516, 3317, 1168, 2437, 2874, 4040, 1670, 289, 1459, 1290, 2053, 247, 1525, 35, 1324, 928, 3724, 1269, 1063, 4420, 221, 1673, 5078, 2645], 577]
[7.745135444486837, 7.745135444486837, 9.61465089660435, 12.418924074780618, 12.418924074780618, 12.418924074780618, 12.418924074780618, 12.418924074780618, 12.418924074780618, 12.418924074780618]
[[2646, 2295, 3531, 5092, 3033, 1172, 2698, 894, 2925, 197, 72, 2777, 510, 2496, 3655, 5125, 3176, 990, 3284, 481, 746, 3947, 5022, 2610, 617, 2234, 1193, 345, 5240, 1555, 247, 1812, 4344, 1490, 2060, 3090, 3044, 2104, 3727, 5128, 3211, 2428, 1750, 1523, 4018, 2180, 3497, 67, 235, 2466], 651]
