[8.851583365127814, 8.851583365127814, 10.091568103777185, 11.178939336131247, 11.178939336131247, 11.178939336131247, 11.178939336131247, 11.178939336131247, 12.399847386493704, 12.399847386493704]
[[4307, 203, 1167, 2941, 1284, 4909, 3497, 515, 2293, 1982, 3576, 600, 3977, 2677, 4321, 3995, 609, 575, 3785, 3057, 2343, 4781, 3898, 3550, 1717, 1113, 2981, 278, 851, 763, 2383, 2973, 1504, 391, 764, 4831, 117, 2204, 3670, 256, 5127, 886, 1158, 3228, 2869, 3149, 4891, 45, 1157, 2121], 650]
[7.2491415490270885, 7.2491415490270885, 9.55742083174361, 9.55742083174361, 9.55742083174361, 9.78634109118657, 9.78634109118657, 9.78634109118657, 9.78634109118657, 9.78634109118657]
[[5072, 2962, 441, 3054, 1015, 2532, 4823, 1029, 4720, 815, 2934, 322, 3496, 2831, 2859, 4492, 4534, 4290, 2705, 4638, 256, 4198, 2891, 18, 1671, 1329, 1118, 4645, 3557, 4320, 951, 3032, 4573, 1577, 2702, 1717, 3615, 1964, 2652, 1875, 2542, 2268, 241, 227, 3267, 3497, 3521, 1204, 3645, 944], 513]
[9.652804273178177, 9.652804273178177, 9.652804273178177, 9.652804273178177, 9.938954597481876, 9.938954597481876, 9.938954597481876, 9.938954597481876, 9.938954597481876, 9.938954597481876]
[[4892, 855, 3043, 235, 263, 3980, 2126, 3971, 4237, 2272, 4228, 205, 3496, 393, 4746, 899, 236, 1486, 4774, 523, 1004, 2991, 802, 4672, 437, 630, 3089, 1157, 2352, 3951, 2873, 2698, 2589, 3749, 3273, 497, 3415, 1926, 575, 1868, 3597, 4237, 4468, 2762, 3897, 4147, 3832, 1687, 2692, 465], 521]
[7.1346814193056085, 7.1346814193056085, 10.167874856924838, 10.167874856924838, 10.167874856924838, 10.167874856924838, 10.167874856924838, 10.167874856924838, 10.167874856924838, 10.167874856924838]
[[4609, 415, 4924, 3110, 3821, 3759, 947, 2568, 276, 1609, 80, 623, 5036, 4178, 2145, 5102, 1576, 2562, 846, 5212, 2174, 324, 4528, 386, 1698, 476, 1478, 1709, 900, 496, 4704, 2978, 74, 3255, 3797, 1662, 1766, 2338, 615, 2833, 4736, 1925, 5105, 2229, 4324, 598, 2631, 1962, 2774, 4284], 533]
[6.428843952689813, 6.428843952689813, 7.554368561617703, 7.554368561617703, 11.92293017932087, 11.92293017932087, 11.92293017932087, 11.92293017932087, 11.92293017932087, 11.92293017932087]
[[2229, 3117, 5235, 1149, 1912, 322, 3097, 3736, 1762, 2027, 2295, 2923, 4601, 720, 953, 87, 4233, 3890, 3420, 1903, 1906, 3344, 4894, 4936, 1974, 1088, 1222, 3075, 3783, 111, 3512, 3774, 1825, 2497, 3161, 233, 2664, 5184, 5015, 2499, 3539, 5177, 454, 3816, 4689, 4824, 3364, 1149, 4707, 41], 625]
[8.851583365127814, 8.851583365127814, 8.851583365127814, 9.50019076688287, 9.50019076688287, 9.50019076688287, 9.50019076688287, 9.50019076688287, 9.652804273178177, 9.919877909194964]
[[827, 56, 4225, 2641, 1972, 1559, 4005, 4216, 917, 2883, 4116, 1636, 1173, 20, 2274, 3813, 2038, 101, 125, 3595, 3465, 2881, 3812, 199, 4063, 1496, 122, 2650, 3455, 1854, 492, 627, 420, 220, 589, 3964, 1559, 4005, 4216, 917, 2883, 4116, 4347, 4329, 3059, 3915, 459, 4238, 1858, 4963], 520]
[7.401755055322396, 7.401755055322396, 8.450972911102632, 8.450972911102632, 9.67188096146509, 9.67188096146509, 9.67188096146509, 9.67188096146509, 9.67188096146509, 10.034338038916443]
[[4522, 270, 2187, 4060, 4367, 311, 2919, 1056, 991, 2435, 1385, 1320, 4044, 4602, 3310, 2884, 3175, 353, 3868, 1565, 3852, 5233, 1200, 1480, 2741, 3634, 5082, 747, 260, 2891, 4770, 2624, 3203, 1949, 5007, 345, 2007, 5027, 1731, 579, 239, 1206, 1740, 2478, 3174, 4929, 457, 2069, 516, 3450], 526]
[9.080503624570774, 9.080503624570774, 9.347577260587562, 10.320488363220145, 10.320488363220145, 10.320488363220145, 10.320488363220145, 10.320488363220145, 10.320488363220145, 10.320488363220145]
[[443, 1539, 2097, 1205, 3554, 155, 2143, 288, 94, 1717, 2207, 666, 5032, 4894, 4754, 1244, 3414, 3702, 1472, 4333, 4401, 150, 2495, 4398, 4959, 2396, 2206, 1067, 750, 495, 2578, 3075, 1611, 2093, 376, 3020, 1668, 2780, 4310, 1144, 4180, 941, 1551, 1994, 1813, 2945, 2114, 378, 513, 1545], 541]
[7.783288821060664, 7.783288821060664, 8.050362457077451, 8.050362457077451, 8.355589469668066, 8.355589469668066, 8.43189622281572, 8.43189622281572, 12.399847386493704, 12.399847386493704]
[[1490, 4058, 3269, 1377, 1430, 78, 159, 1411, 507, 3893, 150, 3369, 1197, 3812, 2254, 386, 4877, 905, 2719, 4024, 1469, 292, 5044, 2039, 2112, 3772, 832, 661, 4920, 2686, 581, 278, 500, 5071, 4180, 2420, 1590, 556, 4618, 961, 4148, 1118, 2944, 3877, 3185, 261, 3996, 1539, 3984, 223], 650]
[7.5734452499046165, 7.5734452499046165, 8.126669210225105, 8.126669210225105, 8.126669210225105, 8.126669210225105, 8.126669210225105, 8.126669210225105, 8.126669210225105, 8.126669210225105]
[[2034, 1618, 344, 62, 1594, 1163, 863, 5138, 4573, 1784, 4763, 2091, 2368, 140, 1827, 5021, 5034, 690, 448, 4042, 217, 1535, 518, 2310, 519, 1568, 1452, 2904, 4392, 953, 4565, 4981, 2673, 4640, 290, 5051, 776, 700, 2714, 2583, 2445, 5086, 1933, 58, 2764, 1268, 5094, 2699, 611, 3995], 426]
