[7.897748950782145, 7.897748950782145, 10.206028233498664, 10.206028233498664, 10.206028233498664, 10.206028233498664, 10.206028233498664, 10.206028233498664, 10.206028233498664, 10.206028233498664]
[[3816, 2890, 3478, 31, 2244, 2185, 3002, 3736, 425, 4805, 4241, 4225, 3193, 1417, 3127, 1434, 4643, 4048, 2394, 3810, 3658, 1468, 2915, 1223, 485, 4476, 4545, 2041, 4977, 4611, 4363, 282, 171, 4804, 5012, 169, 1646, 4357, 3151, 3154, 1141, 4468, 4976, 712, 1410, 1292, 2702, 219, 3443, 1891], 535]
[8.60358641739794, 8.60358641739794, 8.60358641739794, 8.60358641739794, 8.60358641739794, 8.60358641739794, 8.60358641739794, 8.60358641739794, 8.60358641739794, 9.214040442579169]
[[4723, 5087, 951, 3124, 2776, 3835, 3192, 1912, 1296, 5138, 5096, 4650, 3168, 3063, 1586, 1861, 2550, 1134, 3233, 3551, 4173, 388, 605, 1735, 2597, 3554, 3174, 174, 2289, 355, 4494, 1132, 4213, 2653, 3375, 3804, 5026, 2471, 973, 1732, 2006, 3727, 2955, 853, 3175, 3104, 3861, 4539, 2922, 5121], 483]
[6.486074017550553, 6.486074017550553, 7.802365509347577, 7.9168256390690575, 7.9168256390690575, 7.9168256390690575, 7.9168256390690575, 7.9168256390690575, 8.565433040824113, 8.565433040824113]
[[4998, 3610, 299, 3404, 3090, 2935, 488, 3804, 1865, 430, 1086, 2478, 519, 2495, 4877, 3093, 4866, 3285, 531, 3769, 2329, 2299, 3219, 5175, 2866, 333, 5071, 4817, 5189, 2988, 4336, 4642, 4300, 2316, 4341, 5206, 4222, 734, 1537, 3731, 4739, 3661, 5039, 572, 484, 1828, 1178, 1562, 1095, 607], 449]
[8.222052651659672, 8.222052651659672, 8.813429988553986, 8.813429988553986, 9.00419687142312, 9.00419687142312, 11.369706219000381, 11.369706219000381, 11.369706219000381, 11.369706219000381]
[[531, 4391, 742, 2146, 3044, 2966, 3442, 1209, 392, 5214, 707, 90, 252, 1825, 3896, 1655, 1937, 2961, 1193, 91, 5220, 1448, 3461, 2150, 3353, 719, 5122, 1149, 4123, 2290, 2681, 3272, 1028, 4257, 4034, 4650, 1927, 3323, 792, 3878, 1875, 3512, 3742, 3892, 5037, 4608, 4291, 5078, 328, 2428], 596]
[8.641739793971766, 8.641739793971766, 8.641739793971766, 8.641739793971766, 8.641739793971766, 8.641739793971766, 8.641739793971766, 9.95803128576879, 9.95803128576879, 9.95803128576879]
[[3573, 1165, 902, 1981, 3881, 221, 1818, 583, 4109, 478, 2559, 3622, 2223, 4251, 852, 46, 564, 4216, 3691, 4445, 174, 3588, 1107, 571, 1316, 2490, 3868, 1324, 509, 2229, 545, 1374, 2853, 562, 1575, 325, 3506, 3937, 4798, 1427, 2787, 3653, 872, 882, 4053, 1506, 3291, 3063, 3849, 4800], 522]
[6.35253719954216, 6.35253719954216, 7.172834795879435, 7.210988172453262, 7.516215185043876, 10.892789011827547, 10.892789011827547, 10.892789011827547, 10.892789011827547, 10.892789011827547]
[[637, 3109, 3982, 5108, 271, 896, 4058, 4825, 1420, 1515, 14, 3934, 3605, 1082, 3760, 340, 1981, 186, 618, 2935, 2130, 3787, 466, 3445, 56, 1095, 718, 2496, 701, 10, 3679, 103, 618, 1584, 2130, 3787, 466, 3445, 56, 1095, 718, 2496, 701, 10, 3679, 103, 3549, 2710, 2074, 4825], 571]
[7.59252193819153, 7.59252193819153, 8.870660053414728, 9.118657001144602, 9.118657001144602, 9.118657001144602, 9.118657001144602, 9.118657001144602, 9.118657001144602, 9.118657001144602]
[[276, 520, 4872, 153, 833, 3793, 3179, 5093, 4170, 1082, 567, 2441, 3522, 5237, 2928, 1527, 1760, 4267, 3567, 643, 3363, 634, 558, 499, 4523, 3590, 3578, 1186, 3554, 2632, 3393, 2090, 5036, 1710, 3150, 2056, 2107, 4291, 1439, 2610, 1468, 3363, 1099, 1211, 2728, 3835, 389, 2437, 3205, 1034], 478]
[8.164822586798932, 8.164822586798932, 8.164822586798932, 9.214040442579169, 9.214040442579169, 9.214040442579169, 9.214040442579169, 9.214040442579169, 9.214040442579169, 9.214040442579169]
[[4640, 4510, 1230, 1679, 3698, 4101, 676, 1970, 1029, 1023, 2116, 4011, 4555, 1841, 1297, 944, 1413, 80, 619, 3726, 3246, 3918, 152, 1965, 3206, 2217, 1358, 1107, 880, 266, 321, 4988, 466, 536, 4724, 3197, 3397, 1949, 102, 4880, 4931, 4377, 29, 4646, 2976, 3658, 2168, 4909, 1776, 1612], 483]
[8.2602060282335, 8.2602060282335, 8.2602060282335, 8.2602060282335, 9.194963754292255, 11.274322777565814, 11.274322777565814, 11.274322777565814, 11.274322777565814, 11.274322777565814]
[[2230, 1729, 1806, 4887, 1153, 2153, 726, 4096, 262, 534, 296, 3116, 13, 996, 101, 132, 533, 2567, 3112, 4464, 739, 4472, 228, 2847, 3031, 795, 540, 404, 1542, 5092, 2143, 348, 2242, 3472, 4684, 653, 1777, 4001, 2968, 5004, 941, 1545, 145, 3768, 2818, 4979, 2190, 2956, 3843, 3460], 591]
[5.971003433803892, 5.971003433803892, 8.622663105684854, 8.622663105684854, 8.77527661198016, 9.156810377718427, 9.156810377718427, 9.156810377718427, 9.156810377718427, 9.156810377718427]
[[50, 150, 4817, 1919, 451, 1659, 2361, 3538, 4169, 2291, 5128, 3881, 1055, 37, 3949, 2797, 2513, 836, 5233, 3620, 4229, 3871, 4602, 4721, 211, 5070, 1578, 1321, 2567, 659, 1024, 4918, 605, 4020, 616, 2370, 3146, 32, 4726, 2861, 3948, 972, 532, 2273, 4154, 4734, 4706, 1187, 3256, 2784], 480]
