[6.295307134681419, 6.295307134681419, 8.60358641739794, 9.78634109118657, 9.78634109118657, 10.396795116367798, 10.396795116367798, 10.396795116367798, 10.396795116367798, 11.064479206409768]
[[37, 3965, 3944, 342, 1397, 2306, 3585, 4168, 1702, 1713, 2769, 4362, 2988, 2513, 1597, 3321, 1623, 2054, 1869, 2798, 2925, 1714, 1309, 2624, 4556, 4569, 45, 989, 657, 67, 418, 680, 265, 4086, 2879, 2640, 258, 4893, 4617, 3534, 3338, 271, 1705, 1858, 1850, 1790, 517, 1801, 77, 3146], 580]
[6.886684471575735, 6.886684471575735, 8.546356352537199, 8.546356352537199, 8.546356352537199, 9.328500572300648, 9.328500572300648, 9.328500572300648, 9.328500572300648, 9.328500572300648]
[[912, 4674, 3554, 4226, 3800, 2582, 3677, 5104, 4523, 5155, 1529, 930, 2754, 1102, 3555, 562, 287, 2620, 3614, 1510, 413, 279, 4259, 3553, 2510, 3886, 2630, 1893, 4563, 1680, 1972, 2068, 244, 5025, 3740, 2062, 1170, 1177, 4011, 2491, 2315, 4714, 593, 3384, 3885, 5050, 4727, 4158, 3468, 2244], 489]
[8.565433040824113, 8.565433040824113, 8.565433040824113, 8.985120183136207, 9.72911102632583, 9.72911102632583, 9.72911102632583, 9.72911102632583, 10.301411674933231, 10.301411674933231]
[[895, 2749, 4446, 2439, 382, 346, 4922, 1932, 1852, 1896, 2276, 4255, 4635, 4037, 4505, 4944, 5236, 4820, 132, 4097, 2778, 2846, 808, 625, 2496, 3315, 2841, 1670, 2492, 4186, 260, 1680, 59, 204, 997, 1457, 101, 2565, 1053, 5157, 5227, 3064, 3446, 4897, 189, 4713, 457, 3392, 3034, 1851], 540]
[6.161770316673025, 6.161770316673025, 7.2491415490270885, 7.2491415490270885, 7.4589851201831365, 7.4589851201831365, 8.813429988553986, 8.813429988553986, 9.233117130866082, 9.233117130866082]
[[201, 3372, 151, 3049, 3431, 3141, 2252, 3084, 4393, 1957, 2405, 1575, 2140, 679, 459, 3879, 3413, 687, 377, 4831, 1117, 3112, 4846, 1965, 827, 3537, 3632, 709, 3377, 1399, 2626, 4610, 1814, 1218, 2569, 3647, 100, 2640, 3912, 133, 3576, 1933, 4084, 842, 4206, 2345, 4503, 2417, 694, 609], 484]
[7.1346814193056085, 7.1346814193056085, 8.565433040824113, 9.404807325448303, 9.404807325448303, 9.404807325448303, 9.404807325448303, 9.404807325448303, 9.404807325448303, 9.404807325448303]
[[1236, 347, 3333, 3761, 522, 1399, 3300, 3351, 4885, 799, 284, 2552, 2886, 4093, 4460, 336, 834, 2382, 4188, 494, 405, 4819, 2138, 5239, 288, 103, 1013, 1574, 1132, 4016, 4033, 2877, 3477, 3828, 295, 1817, 829, 1598, 454, 1020, 1270, 2630, 195, 1329, 2598, 396, 4554, 1624, 1621, 1686], 493]
[9.137733689431515, 9.137733689431515, 9.137733689431515, 9.137733689431515, 9.137733689431515, 9.137733689431515, 9.137733689431515, 9.137733689431515, 10.9690957649752, 10.9690957649752]
[[1217, 2718, 2501, 3442, 832, 4478, 3662, 3397, 820, 3431, 1735, 2256, 1118, 3453, 1913, 1828, 4110, 1144, 4824, 4340, 200, 1615, 863, 726, 2233, 683, 2737, 2631, 2135, 237, 2874, 4401, 3431, 1735, 2256, 1118, 3453, 1913, 3793, 35, 1462, 1035, 4773, 77, 2650, 4429, 3108, 1661, 4816, 4386], 575]
[8.908813429988554, 8.908813429988554, 8.908813429988554, 8.908813429988554, 8.908813429988554, 8.908813429988554, 11.484166348721862, 11.484166348721862, 11.484166348721862, 11.484166348721862]
[[217, 3531, 1821, 4054, 4209, 4382, 2711, 1609, 2898, 4515, 2480, 234, 3658, 2206, 636, 303, 2267, 340, 4329, 120, 4959, 6, 1335, 1702, 1466, 4485, 704, 3106, 3804, 1880, 4741, 3175, 2750, 4018, 2574, 3246, 1884, 602, 3469, 4082, 3171, 1184, 5180, 4852, 3234, 1727, 3206, 3399, 4972, 2944], 602]
[6.142693628386112, 6.142693628386112, 6.161770316673025, 7.840518885921404, 9.00419687142312, 9.00419687142312, 9.519267455169782, 9.519267455169782, 10.091568103777185, 10.091568103777185]
[[3238, 3006, 2711, 1668, 2316, 295, 1158, 3429, 2727, 3815, 1896, 4747, 443, 3498, 2709, 2274, 3726, 1577, 3242, 2174, 1724, 398, 411, 4907, 1454, 4662, 3532, 3591, 1696, 988, 933, 3297, 3889, 2389, 4279, 2018, 829, 1457, 4632, 295, 1158, 2500, 1245, 3186, 4081, 2648, 985, 4012, 4835, 152], 529]
[7.42083174360931, 7.42083174360931, 9.271270507439908, 10.568485310950019, 10.568485310950019, 10.568485310950019, 10.568485310950019, 10.568485310950019, 10.568485310950019, 10.568485310950019]
[[205, 3976, 4532, 2719, 1242, 3227, 3560, 1072, 361, 943, 3898, 5178, 4300, 2613, 2002, 2201, 2335, 552, 1023, 3992, 507, 3229, 978, 4106, 2159, 3867, 4911, 3572, 2538, 1778, 1939, 1295, 3609, 4784, 4701, 658, 1702, 1789, 1409, 298, 2730, 4657, 1583, 3603, 2533, 953, 726, 3480, 1967, 3349], 554]
[7.363601678748569, 7.363601678748569, 8.527279664250287, 8.527279664250287, 8.527279664250287, 8.527279664250287, 8.527279664250287, 8.527279664250287, 8.527279664250287, 11.407859595574209]
[[5080, 601, 505, 2647, 4837, 3490, 228, 128, 329, 511, 926, 2714, 789, 3192, 4729, 4606, 2018, 1429, 475, 5120, 627, 5088, 1266, 1222, 3045, 1103, 1175, 1709, 3677, 4056, 4936, 2694, 2285, 1733, 3330, 3440, 604, 626, 268, 1346, 371, 1032, 89, 1960, 37, 1364, 3542, 5185, 2662, 1438], 598]
