[5.856543304082411, 5.856543304082411, 9.72911102632583, 9.72911102632583, 9.72911102632583, 9.72911102632583, 9.72911102632583, 9.72911102632583, 9.72911102632583, 9.72911102632583]
[[6, 738, 596, 614, 3905, 2276, 824, 4972, 3343, 1011, 133, 2624, 4877, 2256, 4719, 10, 4796, 3992, 3719, 5118, 230, 4739, 4499, 469, 775, 4698, 2589, 1515, 4512, 2073, 3029, 4278, 1182, 219, 3246, 1662, 3544, 2729, 950, 95, 88, 4850, 4023, 4294, 5021, 817, 1692, 970, 1194, 926], 510]
[9.233117130866082, 9.233117130866082, 9.233117130866082, 9.55742083174361, 9.55742083174361, 9.55742083174361, 9.55742083174361, 9.55742083174361, 9.55742083174361, 10.873712323540634]
[[4027, 177, 942, 560, 1943, 4555, 2661, 3465, 945, 299, 3662, 4344, 3271, 2410, 2487, 131, 3809, 1908, 2134, 3892, 4163, 1470, 924, 92, 4659, 3167, 1179, 370, 4147, 1277, 3605, 2242, 888, 2940, 3185, 2421, 2595, 1260, 975, 2332, 1776, 1835, 591, 100, 3758, 5239, 703, 699, 2635, 3242], 570]
[7.554368561617703, 7.554368561617703, 7.878672262495231, 7.878672262495231, 7.878672262495231, 9.423884013735215, 9.423884013735215, 9.423884013735215, 9.423884013735215, 10.568485310950019]
[[3497, 3543, 1569, 5228, 2781, 3979, 903, 2368, 1583, 1723, 1813, 2848, 5069, 2584, 100, 3908, 116, 1967, 302, 952, 3076, 4369, 4767, 696, 4920, 3566, 2864, 2241, 661, 936, 3620, 3964, 118, 492, 4358, 4954, 3689, 1280, 3051, 633, 20, 2478, 4616, 286, 553, 17, 421, 4107, 4966, 1551], 554]
[7.268218237314002, 7.268218237314002, 10.225104921785578, 10.225104921785578, 10.225104921785578, 11.903853491033956, 11.903853491033956, 11.903853491033956, 11.903853491033956, 11.903853491033956]
[[491, 574, 2329, 1955, 128, 2398, 1503, 4172, 266, 1753, 3868, 929, 2947, 3934, 2850, 945, 172, 1331, 4428, 276, 1886, 2987, 3765, 4945, 2759, 5115, 1290, 3237, 4509, 2543, 4225, 622, 375, 668, 1547, 2500, 3088, 3507, 425, 3518, 4769, 3591, 1091, 1263, 2914, 1222, 3786, 4256, 2395, 2142], 624]
[8.450972911102632, 8.450972911102632, 8.8325066768409, 8.8325066768409, 8.8325066768409, 8.8325066768409, 8.8325066768409, 8.8325066768409, 8.8325066768409, 9.137733689431515]
[[463, 2984, 4489, 2001, 303, 2507, 361, 119, 4798, 2757, 8, 5143, 2141, 3302, 999, 5044, 3572, 2364, 499, 1665, 838, 4154, 1231, 2275, 1656, 4241, 1279, 2452, 2793, 1231, 2275, 303, 2507, 361, 119, 2001, 2566, 2236, 1114, 3464, 2417, 4360, 164, 498, 5028, 1878, 1131, 673, 83, 4991], 479]
[11.503243037008776, 11.503243037008776, 11.503243037008776, 11.503243037008776, 11.503243037008776, 11.503243037008776, 11.503243037008776, 11.503243037008776, 11.503243037008776, 11.503243037008776]
[[1100, 2109, 1427, 633, 1583, 4106, 1460, 757, 3806, 3300, 1378, 4218, 1478, 5015, 2761, 1779, 3903, 4904, 2491, 3438, 4690, 266, 4021, 2024, 1909, 4198, 1540, 1536, 1902, 3356, 3975, 3323, 2150, 203, 1985, 5211, 874, 2999, 3383, 3467, 1365, 3302, 475, 1367, 794, 2626, 414, 1497, 2465, 747], 603]
[6.867607783288821, 6.867607783288821, 7.4589851201831365, 7.783288821060664, 7.783288821060664, 7.802365509347577, 8.813429988553986, 9.862647844334223, 9.862647844334223, 9.862647844334223]
[[2730, 1973, 2881, 2090, 2744, 1402, 4027, 5213, 3980, 2867, 1925, 1556, 4468, 708, 135, 98, 1820, 2005, 1861, 399, 4683, 4141, 2355, 863, 3258, 4738, 4421, 2483, 3027, 2731, 2812, 888, 280, 4154, 5020, 1448, 91, 4604, 971, 4698, 4531, 1035, 387, 384, 1771, 555, 4894, 2221, 1081, 1011], 517]
[8.241129339946585, 8.241129339946585, 8.450972911102632, 8.450972911102632, 8.450972911102632, 8.450972911102632, 8.450972911102632, 8.450972911102632, 9.080503624570774, 9.080503624570774]
[[176, 1145, 3126, 1039, 459, 4017, 1711, 5067, 1718, 1945, 440, 78, 737, 2333, 4161, 1188, 2730, 1840, 1857, 141, 683, 3204, 4180, 1243, 2103, 2307, 176, 1145, 3126, 1039, 459, 4017, 1711, 5067, 1718, 1945, 440, 78, 737, 2333, 4161, 1188, 2730, 1840, 1857, 141, 683, 3204, 2826, 3104], 476]
[8.546356352537199, 8.546356352537199, 11.388782907287295, 11.388782907287295, 11.388782907287295, 11.388782907287295, 11.388782907287295, 11.388782907287295, 11.388782907287295, 11.388782907287295]
[[2479, 65, 1204, 1404, 3921, 1273, 1600, 918, 1357, 3970, 1415, 4354, 3068, 3775, 479, 4955, 1931, 4951, 1677, 2652, 146, 1287, 5172, 289, 2884, 4603, 3214, 75, 1351, 296, 2739, 876, 3243, 1492, 500, 2398, 434, 3209, 900, 1410, 1932, 4132, 4027, 3141, 1531, 3443, 4206, 149, 643, 1956], 597]
[8.241129339946585, 8.241129339946585, 8.241129339946585, 8.622663105684854, 10.12972148035101, 10.167874856924838, 10.167874856924838, 10.167874856924838, 10.167874856924838, 10.167874856924838]
[[1128, 3230, 3789, 4258, 4508, 3044, 2040, 2102, 4471, 5055, 2409, 5145, 295, 392, 1126, 351, 3503, 487, 1583, 2876, 4178, 1557, 252, 5033, 3271, 319, 4952, 3187, 3022, 2744, 2423, 4521, 1027, 2499, 256, 2143, 3774, 2240, 2196, 270, 1540, 5148, 1858, 1914, 2112, 3372, 2577, 5106, 4227, 4947], 533]
