[8.470049599389545, 8.470049599389545, 8.470049599389545, 8.470049599389545, 8.851583365127814, 8.851583365127814, 8.851583365127814, 10.186951545211752, 10.186951545211752, 10.186951545211752]
[[1638, 3563, 776, 1437, 4867, 1375, 3010, 2883, 448, 240, 3115, 3233, 430, 2512, 1760, 118, 3338, 1024, 3103, 1776, 1609, 304, 4767, 4305, 1512, 3025, 1542, 2502, 5051, 271, 4281, 1555, 2054, 4350, 4339, 3420, 392, 1362, 1314, 3882, 801, 4440, 132, 49, 4144, 524, 4117, 4799, 3176, 83], 534]
[11.045402518122854, 11.045402518122854, 11.045402518122854, 11.045402518122854, 11.045402518122854, 13.830599008012209, 13.830599008012209, 13.830599008012209, 13.830599008012209, 13.830599008012209]
[[11, 788, 1139, 832, 3719, 4659, 1481, 2084, 3038, 194, 365, 472, 4624, 4873, 2889, 2083, 3423, 2008, 1446, 3491, 645, 3756, 2221, 3740, 4534, 1288, 1103, 3204, 4026, 462, 2801, 4149, 2064, 4902, 1848, 2583, 2501, 1095, 3057, 1155, 1908, 282, 4358, 2632, 1184, 4355, 380, 271, 2884, 267], 725]
[7.344524990461656, 7.344524990461656, 8.43189622281572, 8.43189622281572, 8.43189622281572, 8.43189622281572, 8.43189622281572, 8.985120183136207, 9.156810377718427, 9.156810377718427]
[[817, 4303, 4932, 3197, 5179, 1448, 2678, 3131, 5, 4219, 3672, 1337, 643, 4522, 2549, 159, 593, 2013, 3238, 4808, 1736, 612, 724, 1580, 5108, 2577, 3273, 428, 4696, 3589, 1270, 1431, 3098, 3333, 1108, 593, 2013, 3238, 4808, 1736, 612, 724, 1580, 1386, 2704, 1889, 1110, 3205, 2914, 5016], 480]
[7.70698206791301, 7.70698206791301, 7.70698206791301, 7.70698206791301, 8.927890118275467, 8.927890118275467, 10.339565051507059, 11.2552460892789, 11.2552460892789, 11.2552460892789]
[[1761, 5053, 4037, 873, 5179, 4666, 3526, 3623, 5001, 2369, 4447, 1812, 2389, 3230, 1645, 4462, 1216, 5206, 937, 1359, 965, 4608, 547, 4228, 1457, 595, 101, 1342, 1559, 873, 101, 393, 290, 963, 129, 2154, 4410, 171, 3255, 240, 4074, 5112, 924, 1358, 1981, 930, 1123, 9, 3301, 2899], 590]
[9.194963754292255, 9.194963754292255, 9.194963754292255, 9.194963754292255, 10.053414727203357, 10.85463563525372, 10.85463563525372, 10.85463563525372, 10.85463563525372, 11.19801602441816]
[[1359, 4477, 256, 1899, 4391, 3240, 1784, 0, 3132, 299, 2472, 2397, 5022, 3619, 1259, 980, 3484, 1989, 4784, 4268, 1554, 3565, 1088, 1483, 1359, 4477, 256, 1899, 4391, 3240, 1784, 0, 3132, 299, 2472, 2397, 5022, 3619, 439, 5080, 1922, 42, 1782, 2628, 2554, 3439, 1032, 3123, 3475, 1173], 587]
[7.172834795879435, 7.172834795879435, 8.985120183136207, 8.985120183136207, 8.985120183136207, 9.233117130866082, 9.233117130866082, 9.50019076688287, 10.263258298359405, 10.301411674933231]
[[3926, 1649, 288, 127, 3935, 2628, 282, 4897, 2132, 2707, 4947, 504, 2461, 241, 4379, 1622, 4095, 3372, 4999, 5023, 4740, 457, 676, 2195, 2817, 2345, 1877, 2458, 1516, 2055, 36, 5067, 1287, 1622, 4095, 3372, 4999, 5023, 4740, 457, 676, 2195, 2817, 2345, 1877, 2458, 1516, 2055, 1976, 3093], 540]
[9.328500572300648, 9.328500572300648, 9.328500572300648, 11.217092712705075, 11.217092712705075, 11.217092712705075, 11.217092712705075, 11.217092712705075, 11.217092712705075, 11.217092712705075]
[[2983, 3380, 2581, 103, 5110, 3097, 1670, 3818, 4829, 284, 2058, 1078, 2667, 4222, 3633, 1779, 5130, 4879, 4256, 3125, 1498, 134, 2105, 905, 2189, 1265, 3325, 3124, 2139, 961, 3441, 1623, 4814, 3195, 2234, 3271, 159, 5045, 580, 3765, 1219, 2158, 638, 2028, 30, 4350, 764, 5002, 1035, 3454], 588]
[10.167874856924838, 10.167874856924838, 10.167874856924838, 10.167874856924838, 10.167874856924838, 10.167874856924838, 10.167874856924838, 10.167874856924838, 10.167874856924838, 10.167874856924838]
[[4467, 2188, 407, 4457, 1791, 2564, 862, 2122, 3931, 2320, 2634, 4168, 3948, 1598, 523, 5077, 1805, 4529, 3842, 1230, 765, 1724, 1477, 1343, 2924, 1307, 1259, 3163, 2867, 551, 3524, 1088, 2977, 2362, 4366, 3256, 1975, 5095, 3793, 2214, 2474, 4594, 4138, 61, 4637, 2716, 4545, 680, 3209, 848], 533]
[9.175887066005341, 9.175887066005341, 9.175887066005341, 11.522319725295688, 11.522319725295688, 11.522319725295688, 11.522319725295688, 11.522319725295688, 11.522319725295688, 11.522319725295688]
[[1380, 1517, 347, 521, 1112, 1342, 3332, 4262, 2915, 1356, 203, 953, 4365, 2887, 4148, 3555, 3010, 773, 5152, 1709, 1624, 1660, 4503, 913, 3459, 1454, 2274, 3715, 1271, 1464, 664, 4110, 1146, 2919, 175, 2200, 2266, 3387, 2398, 811, 4512, 3755, 1605, 4534, 1635, 4497, 4498, 4266, 18, 545], 604]
[8.470049599389545, 8.470049599389545, 8.470049599389545, 9.309423884013736, 9.309423884013736, 9.309423884013736, 11.007249141549027, 11.007249141549027, 11.007249141549027, 11.57954979015643]
[[1422, 339, 3082, 2689, 582, 78, 2621, 4535, 2694, 2615, 2332, 4297, 1819, 3063, 2443, 2609, 2063, 1272, 2406, 2440, 2046, 2020, 2811, 4629, 2885, 3830, 290, 4168, 780, 995, 2316, 1588, 5005, 3737, 1197, 4871, 4534, 3256, 3389, 759, 5072, 4751, 982, 3521, 150, 1896, 27, 3577, 3308, 2115], 607]
